1000 0.342 0.730
2000 0.474 0.737
3000 0.553 0.761
4000 0.623 0.775
5000 0.652 0.789
6000 0.674 0.770
7000 0.686 0.787
8000 0.697 0.767
9000 0.714 0.790
10000 0.719 0.800
11000 0.722 0.792
12000 0.734 0.783
13000 0.750 0.800
14000 0.754 0.795
15000 0.763 0.805
16000 0.765 0.805
17000 0.757 0.799
18000 0.772 0.788
19000 0.773 0.807
20000 0.774 0.811
21000 0.778 0.806
22000 0.780 0.792
23000 0.785 0.809
24000 0.788 0.805
25000 0.793 0.816
26000 0.796 0.808
27000 0.791 0.811
28000 0.802 0.797
29000 0.803 0.814
30000 0.807 0.813
31000 0.808 0.807
32000 0.805 0.814
33000 0.808 0.818
34000 0.811 0.816
35000 0.813 0.816
36000 0.816 0.806
37000 0.817 0.820
38000 0.820 0.810
39000 0.819 0.820
40000 0.823 0.821
41000 0.821 0.816
42000 0.824 0.821
43000 0.825 0.816
44000 0.828 0.822
45000 0.827 0.821
46000 0.830 0.820
47000 0.829 0.826
48000 0.833 0.818
49000 0.832 0.823
50000 0.833 0.821
51000 0.832 0.826
52000 0.834 0.825
53000 0.834 0.820
54000 0.836 0.822
55000 0.835 0.818
56000 0.836 0.814
57000 0.836 0.822
58000 0.840 0.824
59000 0.842 0.829
60000 0.841 0.823
61000 0.842 0.829
62000 0.843 0.822
63000 0.842 0.826
64000 0.845 0.829
65000 0.844 0.825
66000 0.845 0.829
67000 0.844 0.821
68000 0.848 0.819
69000 0.848 0.831
70000 0.847 0.819
71000 0.847 0.831
72000 0.849 0.828
73000 0.846 0.828
74000 0.850 0.825
75000 0.848 0.826
76000 0.849 0.830
77000 0.847 0.831
78000 0.852 0.832
79000 0.851 0.833
80000 0.850 0.826
81000 0.851 0.831
82000 0.852 0.828
83000 0.850 0.830
84000 0.854 0.829
85000 0.852 0.831
86000 0.850 0.823
87000 0.851 0.825
88000 0.854 0.837
89000 0.853 0.833
90000 0.852 0.829
91000 0.853 0.834
92000 0.854 0.833
93000 0.853 0.831
94000 0.855 0.833
95000 0.854 0.831
96000 0.855 0.833
97000 0.855 0.835
98000 0.856 0.839
99000 0.856 0.836
100000 0.854 0.828
101000 0.855 0.833
102000 0.856 0.836
103000 0.856 0.831
104000 0.858 0.833
105000 0.856 0.830
106000 0.856 0.829
107000 0.856 0.831
108000 0.857 0.840
109000 0.857 0.838
