1000 0.350 0.727
2000 0.494 0.738
3000 0.543 0.761
4000 0.613 0.774
5000 0.657 0.789
6000 0.672 0.770
7000 0.685 0.786
8000 0.706 0.766
9000 0.719 0.787
10000 0.729 0.798
11000 0.730 0.790
12000 0.737 0.781
13000 0.739 0.798
14000 0.746 0.791
15000 0.756 0.803
16000 0.760 0.803
17000 0.749 0.798
18000 0.769 0.788
19000 0.775 0.807
20000 0.773 0.810
21000 0.780 0.805
22000 0.780 0.787
23000 0.784 0.807
24000 0.786 0.804
25000 0.791 0.812
26000 0.791 0.805
27000 0.787 0.808
28000 0.800 0.794
29000 0.800 0.814
30000 0.806 0.811
31000 0.808 0.807
32000 0.808 0.811
33000 0.809 0.816
34000 0.814 0.814
35000 0.816 0.817
36000 0.817 0.808
37000 0.816 0.818
38000 0.820 0.808
39000 0.818 0.821
40000 0.826 0.817
41000 0.823 0.815
42000 0.827 0.818
43000 0.829 0.817
44000 0.832 0.822
45000 0.832 0.821
46000 0.833 0.822
47000 0.834 0.824
48000 0.837 0.819
49000 0.837 0.821
50000 0.839 0.816
51000 0.838 0.821
52000 0.840 0.825
53000 0.841 0.820
54000 0.843 0.821
55000 0.844 0.812
56000 0.844 0.817
57000 0.843 0.813
58000 0.846 0.823
59000 0.848 0.829
60000 0.845 0.818
61000 0.848 0.827
62000 0.848 0.822
63000 0.847 0.823
64000 0.851 0.827
65000 0.850 0.824
66000 0.852 0.831
67000 0.851 0.814
68000 0.854 0.819
69000 0.855 0.830
70000 0.853 0.814
71000 0.855 0.829
72000 0.855 0.829
73000 0.853 0.827
74000 0.856 0.823
75000 0.854 0.827
76000 0.856 0.833
77000 0.854 0.828
78000 0.857 0.833
79000 0.857 0.832
80000 0.856 0.826
81000 0.858 0.829
82000 0.857 0.831
83000 0.855 0.829
84000 0.859 0.827
85000 0.857 0.834
86000 0.856 0.819
87000 0.857 0.827
88000 0.860 0.838
89000 0.859 0.831
90000 0.858 0.830
91000 0.859 0.834
92000 0.860 0.836
93000 0.857 0.827
94000 0.860 0.832
95000 0.860 0.829
96000 0.859 0.833
97000 0.859 0.837
98000 0.862 0.842
99000 0.861 0.837
100000 0.860 0.836
101000 0.861 0.833
102000 0.861 0.836
103000 0.859 0.828
104000 0.862 0.835
105000 0.861 0.830
106000 0.861 0.838
107000 0.861 0.836
108000 0.862 0.840
109000 0.864 0.837
