1000 0.340 0.731
2000 0.503 0.734
3000 0.555 0.762
4000 0.615 0.776
5000 0.652 0.791
6000 0.671 0.770
7000 0.681 0.788
8000 0.695 0.765
9000 0.709 0.789
10000 0.715 0.800
11000 0.716 0.792
12000 0.723 0.787
13000 0.730 0.798
14000 0.741 0.787
15000 0.748 0.804
16000 0.755 0.803
17000 0.749 0.799
18000 0.771 0.789
19000 0.776 0.806
20000 0.776 0.812
21000 0.784 0.805
22000 0.783 0.793
23000 0.790 0.808
24000 0.790 0.802
25000 0.796 0.814
26000 0.800 0.803
27000 0.792 0.809
28000 0.805 0.798
29000 0.805 0.816
30000 0.809 0.813
31000 0.812 0.805
32000 0.808 0.812
33000 0.814 0.818
34000 0.819 0.812
35000 0.823 0.816
36000 0.824 0.805
37000 0.825 0.817
38000 0.827 0.815
39000 0.826 0.823
40000 0.829 0.820
41000 0.828 0.814
42000 0.829 0.822
43000 0.830 0.818
44000 0.832 0.820
45000 0.834 0.822
46000 0.833 0.816
47000 0.834 0.825
48000 0.838 0.821
49000 0.836 0.826
50000 0.837 0.817
51000 0.836 0.823
52000 0.838 0.826
53000 0.839 0.822
54000 0.842 0.820
55000 0.843 0.813
56000 0.842 0.815
57000 0.842 0.813
58000 0.847 0.820
59000 0.847 0.830
60000 0.847 0.821
61000 0.848 0.826
62000 0.849 0.825
63000 0.847 0.826
64000 0.851 0.827
65000 0.849 0.826
66000 0.848 0.827
67000 0.849 0.809
68000 0.853 0.818
69000 0.851 0.832
70000 0.851 0.817
71000 0.853 0.830
72000 0.854 0.830
73000 0.851 0.831
74000 0.854 0.823
75000 0.853 0.827
76000 0.854 0.833
77000 0.854 0.824
78000 0.857 0.834
79000 0.855 0.834
80000 0.854 0.826
81000 0.856 0.828
82000 0.857 0.829
83000 0.855 0.833
84000 0.858 0.826
85000 0.857 0.832
86000 0.853 0.823
87000 0.856 0.824
88000 0.859 0.838
89000 0.859 0.831
90000 0.858 0.831
91000 0.861 0.832
92000 0.861 0.835
93000 0.861 0.833
94000 0.862 0.829
95000 0.862 0.832
96000 0.860 0.832
97000 0.862 0.838
98000 0.864 0.840
99000 0.863 0.836
100000 0.864 0.830
101000 0.865 0.832
102000 0.864 0.836
103000 0.863 0.833
104000 0.865 0.834
105000 0.863 0.828
106000 0.864 0.837
107000 0.865 0.835
108000 0.866 0.838
109000 0.865 0.839
