1000 0.352 0.725
2000 0.495 0.732
3000 0.580 0.759
4000 0.627 0.774
5000 0.659 0.791
6000 0.673 0.768
7000 0.686 0.789
8000 0.699 0.771
9000 0.706 0.789
10000 0.717 0.799
11000 0.718 0.792
12000 0.726 0.785
13000 0.741 0.800
14000 0.750 0.792
15000 0.759 0.805
16000 0.765 0.803
17000 0.757 0.799
18000 0.775 0.791
19000 0.777 0.806
20000 0.777 0.810
21000 0.784 0.806
22000 0.786 0.791
23000 0.787 0.809
24000 0.789 0.805
25000 0.796 0.814
26000 0.799 0.805
27000 0.794 0.806
28000 0.805 0.797
29000 0.805 0.814
30000 0.810 0.813
31000 0.814 0.805
32000 0.810 0.813
33000 0.813 0.818
34000 0.817 0.814
35000 0.822 0.816
36000 0.822 0.806
37000 0.823 0.816
38000 0.826 0.810
39000 0.824 0.821
40000 0.829 0.819
41000 0.828 0.814
42000 0.829 0.821
43000 0.831 0.814
44000 0.834 0.822
45000 0.833 0.820
46000 0.835 0.817
47000 0.836 0.824
48000 0.841 0.821
49000 0.838 0.823
50000 0.840 0.814
51000 0.839 0.825
52000 0.840 0.827
53000 0.842 0.819
54000 0.845 0.820
55000 0.843 0.815
56000 0.842 0.811
57000 0.843 0.822
58000 0.847 0.827
59000 0.847 0.830
60000 0.845 0.818
61000 0.847 0.829
62000 0.848 0.825
63000 0.847 0.825
64000 0.848 0.828
65000 0.848 0.823
66000 0.849 0.826
67000 0.849 0.819
68000 0.852 0.824
69000 0.851 0.831
70000 0.851 0.816
71000 0.853 0.830
72000 0.853 0.829
73000 0.852 0.830
74000 0.854 0.825
75000 0.853 0.826
76000 0.855 0.832
77000 0.852 0.832
78000 0.857 0.835
79000 0.856 0.835
80000 0.856 0.827
81000 0.858 0.832
82000 0.857 0.831
83000 0.856 0.834
84000 0.859 0.828
85000 0.858 0.833
86000 0.857 0.824
87000 0.857 0.826
88000 0.860 0.839
89000 0.860 0.832
90000 0.858 0.830
91000 0.861 0.834
92000 0.860 0.837
93000 0.861 0.833
94000 0.861 0.831
95000 0.861 0.825
96000 0.861 0.836
97000 0.860 0.838
98000 0.863 0.841
99000 0.862 0.839
100000 0.862 0.833
101000 0.862 0.836
102000 0.862 0.838
103000 0.862 0.835
104000 0.864 0.834
105000 0.863 0.828
106000 0.864 0.835
107000 0.863 0.837
108000 0.863 0.841
109000 0.864 0.841
