1000 0.690
2000 0.711
3000 0.760
4000 0.771
5000 0.782
6000 0.779
7000 0.782
8000 0.803
9000 0.809
10000 0.811
11000 0.810
12000 0.813
13000 0.823
14000 0.827
15000 0.826
16000 0.827
17000 0.813
18000 0.836
19000 0.829
20000 0.832
21000 0.835
22000 0.835
23000 0.840
24000 0.842
25000 0.843
26000 0.843
27000 0.841
28000 0.845
29000 0.830
30000 0.844
31000 0.845
32000 0.840
33000 0.840
34000 0.849
35000 0.846
36000 0.852
37000 0.848
38000 0.851
39000 0.843
40000 0.850
41000 0.849
42000 0.841
43000 0.849
44000 0.854
45000 0.850
46000 0.852
47000 0.850
48000 0.851
49000 0.846
50000 0.851
51000 0.856
52000 0.849
53000 0.850
54000 0.851
55000 0.849
56000 0.850
57000 0.852
58000 0.852
59000 0.848
60000 0.850
61000 0.857
62000 0.853
63000 0.850
64000 0.855
65000 0.849
66000 0.854
67000 0.850
68000 0.854
69000 0.852
70000 0.849
71000 0.856
72000 0.854
73000 0.853
74000 0.856
75000 0.852
76000 0.854
77000 0.853
78000 0.858
79000 0.856
80000 0.848
81000 0.859
82000 0.856
83000 0.854
84000 0.857
85000 0.857
86000 0.853
87000 0.858
88000 0.860
89000 0.858
90000 0.851
91000 0.859
92000 0.856
93000 0.855
94000 0.855
95000 0.856
96000 0.855
97000 0.858
98000 0.857
99000 0.861
100000 0.855
101000 0.859
102000 0.857
103000 0.858
104000 0.856
105000 0.851
106000 0.851
107000 0.858
108000 0.859
109000 0.861
