1000 0.691
2000 0.704
3000 0.754
4000 0.769
5000 0.786
6000 0.773
7000 0.783
8000 0.806
9000 0.805
10000 0.811
11000 0.806
12000 0.816
13000 0.820
14000 0.826
15000 0.816
16000 0.826
17000 0.813
18000 0.831
19000 0.824
20000 0.830
21000 0.832
22000 0.830
23000 0.834
24000 0.833
25000 0.825
26000 0.835
27000 0.830
28000 0.830
29000 0.826
30000 0.837
31000 0.829
32000 0.833
33000 0.838
34000 0.839
35000 0.833
36000 0.842
37000 0.838
38000 0.838
39000 0.837
40000 0.844
41000 0.835
42000 0.832
43000 0.844
44000 0.843
45000 0.839
46000 0.844
47000 0.844
48000 0.837
49000 0.832
50000 0.842
51000 0.845
52000 0.841
53000 0.846
54000 0.838
55000 0.838
56000 0.848
57000 0.843
58000 0.846
59000 0.839
60000 0.841
61000 0.848
62000 0.847
63000 0.844
64000 0.848
65000 0.843
66000 0.848
67000 0.845
68000 0.850
69000 0.846
70000 0.842
71000 0.846
72000 0.847
73000 0.844
74000 0.847
75000 0.846
76000 0.850
77000 0.848
78000 0.852
79000 0.847
80000 0.842
81000 0.852
82000 0.848
83000 0.845
84000 0.848
85000 0.849
86000 0.848
87000 0.853
88000 0.852
89000 0.845
90000 0.844
91000 0.850
92000 0.849
93000 0.848
94000 0.848
95000 0.850
96000 0.852
97000 0.852
98000 0.850
99000 0.846
100000 0.846
101000 0.847
102000 0.848
103000 0.848
104000 0.848
105000 0.848
106000 0.849
107000 0.851
108000 0.850
109000 0.852
