1000 0.688
2000 0.704
3000 0.756
4000 0.771
5000 0.780
6000 0.781
7000 0.783
8000 0.807
9000 0.804
10000 0.812
11000 0.809
12000 0.814
13000 0.820
14000 0.824
15000 0.821
16000 0.827
17000 0.818
18000 0.832
19000 0.830
20000 0.827
21000 0.832
22000 0.829
23000 0.832
24000 0.833
25000 0.833
26000 0.841
27000 0.835
28000 0.837
29000 0.829
30000 0.839
31000 0.838
32000 0.839
33000 0.840
34000 0.842
35000 0.832
36000 0.845
37000 0.843
38000 0.841
39000 0.838
40000 0.847
41000 0.844
42000 0.844
43000 0.841
44000 0.848
45000 0.839
46000 0.848
47000 0.843
48000 0.845
49000 0.843
50000 0.845
51000 0.850
52000 0.849
53000 0.841
54000 0.847
55000 0.840
56000 0.850
57000 0.846
58000 0.849
59000 0.847
60000 0.847
61000 0.851
62000 0.850
63000 0.845
64000 0.851
65000 0.842
66000 0.853
67000 0.845
68000 0.850
69000 0.852
70000 0.846
71000 0.852
72000 0.850
73000 0.849
74000 0.852
75000 0.844
76000 0.854
77000 0.849
78000 0.851
79000 0.853
80000 0.846
81000 0.854
82000 0.852
83000 0.852
84000 0.850
85000 0.849
86000 0.851
87000 0.852
88000 0.854
89000 0.853
90000 0.852
91000 0.856
92000 0.855
93000 0.853
94000 0.851
95000 0.851
96000 0.856
97000 0.853
98000 0.852
99000 0.856
100000 0.852
101000 0.855
102000 0.856
103000 0.856
104000 0.854
105000 0.847
106000 0.852
107000 0.852
108000 0.855
109000 0.859
