1000 0.686
2000 0.707
3000 0.757
4000 0.770
5000 0.780
6000 0.792
7000 0.787
8000 0.805
9000 0.812
10000 0.821
11000 0.809
12000 0.817
13000 0.824
14000 0.827
15000 0.826
16000 0.834
17000 0.817
18000 0.837
19000 0.832
20000 0.829
21000 0.836
22000 0.832
23000 0.840
24000 0.838
25000 0.839
26000 0.842
27000 0.838
28000 0.842
29000 0.835
30000 0.837
31000 0.834
32000 0.836
33000 0.839
34000 0.843
35000 0.844
36000 0.850
37000 0.847
38000 0.847
39000 0.846
40000 0.846
41000 0.843
42000 0.838
43000 0.848
44000 0.850
45000 0.848
46000 0.851
47000 0.847
48000 0.846
49000 0.847
50000 0.846
51000 0.854
52000 0.848
53000 0.848
54000 0.849
55000 0.848
56000 0.854
57000 0.851
58000 0.852
59000 0.844
60000 0.845
61000 0.857
62000 0.848
63000 0.848
64000 0.851
65000 0.850
66000 0.856
67000 0.852
68000 0.853
69000 0.851
70000 0.847
71000 0.855
72000 0.851
73000 0.849
74000 0.852
75000 0.852
76000 0.855
77000 0.851
78000 0.856
79000 0.855
80000 0.849
81000 0.854
82000 0.851
83000 0.850
84000 0.852
85000 0.855
86000 0.853
87000 0.853
88000 0.857
89000 0.854
90000 0.853
91000 0.854
92000 0.852
93000 0.855
94000 0.849
95000 0.853
96000 0.855
97000 0.854
98000 0.855
99000 0.857
100000 0.851
101000 0.853
102000 0.848
103000 0.858
104000 0.852
105000 0.850
106000 0.856
107000 0.856
108000 0.855
109000 0.856
