1000 0.684
2000 0.705
3000 0.755
4000 0.772
5000 0.783
6000 0.774
7000 0.789
8000 0.809
9000 0.811
10000 0.814
11000 0.814
12000 0.816
13000 0.825
14000 0.824
15000 0.815
16000 0.833
17000 0.826
18000 0.838
19000 0.837
20000 0.828
21000 0.834
22000 0.832
23000 0.837
24000 0.841
25000 0.834
26000 0.842
27000 0.840
28000 0.841
29000 0.831
30000 0.838
31000 0.837
32000 0.839
33000 0.839
34000 0.844
35000 0.840
36000 0.846
37000 0.840
38000 0.847
39000 0.843
40000 0.843
41000 0.840
42000 0.838
43000 0.841
44000 0.845
45000 0.844
46000 0.847
47000 0.844
48000 0.847
49000 0.845
50000 0.843
51000 0.846
52000 0.846
53000 0.844
54000 0.841
55000 0.839
56000 0.848
57000 0.847
58000 0.851
59000 0.843
60000 0.845
61000 0.849
62000 0.847
63000 0.843
64000 0.852
65000 0.846
66000 0.849
67000 0.851
68000 0.850
69000 0.847
70000 0.844
71000 0.849
72000 0.849
73000 0.846
74000 0.850
75000 0.847
76000 0.850
77000 0.850
78000 0.850
79000 0.852
80000 0.841
81000 0.852
82000 0.852
83000 0.847
84000 0.854
85000 0.848
86000 0.849
87000 0.853
88000 0.855
89000 0.852
90000 0.848
91000 0.851
92000 0.851
93000 0.851
94000 0.853
95000 0.851
96000 0.853
97000 0.854
98000 0.853
99000 0.854
100000 0.847
101000 0.847
102000 0.853
103000 0.852
104000 0.856
105000 0.852
106000 0.852
107000 0.856
108000 0.855
109000 0.858
