1000 0.682
2000 0.700
3000 0.753
4000 0.765
5000 0.782
6000 0.780
7000 0.786
8000 0.807
9000 0.811
10000 0.810
11000 0.817
12000 0.811
13000 0.822
14000 0.826
15000 0.823
16000 0.830
17000 0.823
18000 0.835
19000 0.831
20000 0.835
21000 0.831
22000 0.832
23000 0.837
24000 0.840
25000 0.836
26000 0.841
27000 0.835
28000 0.840
29000 0.840
30000 0.843
31000 0.838
32000 0.841
33000 0.841
34000 0.844
35000 0.840
36000 0.845
37000 0.842
38000 0.846
39000 0.848
40000 0.850
41000 0.845
42000 0.838
43000 0.846
44000 0.846
45000 0.846
46000 0.850
47000 0.846
48000 0.846
49000 0.846
50000 0.850
51000 0.851
52000 0.844
53000 0.849
54000 0.843
55000 0.847
56000 0.849
57000 0.847
58000 0.848
59000 0.846
60000 0.848
61000 0.850
62000 0.848
63000 0.846
64000 0.846
65000 0.847
66000 0.852
67000 0.850
68000 0.849
69000 0.848
70000 0.850
71000 0.851
72000 0.853
73000 0.848
74000 0.845
75000 0.845
76000 0.852
77000 0.850
78000 0.852
79000 0.850
80000 0.847
81000 0.855
82000 0.852
83000 0.848
84000 0.845
85000 0.848
86000 0.851
87000 0.851
88000 0.854
89000 0.851
90000 0.851
91000 0.852
92000 0.850
93000 0.850
94000 0.842
95000 0.849
96000 0.855
97000 0.853
98000 0.853
99000 0.855
100000 0.853
101000 0.854
102000 0.850
103000 0.854
104000 0.849
105000 0.850
106000 0.855
107000 0.851
108000 0.856
109000 0.855
