1000 0.677
2000 0.704
3000 0.750
4000 0.775
5000 0.781
6000 0.774
7000 0.778
8000 0.797
9000 0.808
10000 0.813
11000 0.810
12000 0.812
13000 0.819
14000 0.824
15000 0.822
16000 0.833
17000 0.822
18000 0.832
19000 0.827
20000 0.831
21000 0.833
22000 0.827
23000 0.835
24000 0.839
25000 0.833
26000 0.840
27000 0.836
28000 0.832
29000 0.833
30000 0.840
31000 0.837
32000 0.835
33000 0.837
34000 0.844
35000 0.838
36000 0.843
37000 0.840
38000 0.841
39000 0.841
40000 0.843
41000 0.841
42000 0.839
43000 0.841
44000 0.846
45000 0.840
46000 0.843
47000 0.841
48000 0.841
49000 0.841
50000 0.844
51000 0.846
52000 0.841
53000 0.841
54000 0.844
55000 0.840
56000 0.848
57000 0.842
58000 0.846
59000 0.843
60000 0.843
61000 0.848
62000 0.843
63000 0.844
64000 0.847
65000 0.843
66000 0.852
67000 0.845
68000 0.847
69000 0.846
70000 0.841
71000 0.846
72000 0.844
73000 0.847
74000 0.846
75000 0.841
76000 0.851
77000 0.848
78000 0.848
79000 0.847
80000 0.840
81000 0.844
82000 0.848
83000 0.848
84000 0.847
85000 0.845
86000 0.846
87000 0.849
88000 0.850
89000 0.845
90000 0.844
91000 0.845
92000 0.847
93000 0.850
94000 0.847
95000 0.848
96000 0.849
97000 0.850
98000 0.849
99000 0.849
100000 0.846
101000 0.844
102000 0.844
103000 0.851
104000 0.849
105000 0.844
106000 0.848
107000 0.848
108000 0.846
109000 0.851
