1000 0.688
2000 0.701
3000 0.752
4000 0.774
5000 0.791
6000 0.778
7000 0.794
8000 0.813
9000 0.815
10000 0.818
11000 0.822
12000 0.815
13000 0.831
14000 0.831
15000 0.832
16000 0.828
17000 0.828
18000 0.836
19000 0.833
20000 0.837
21000 0.840
22000 0.832
23000 0.841
24000 0.841
25000 0.841
26000 0.844
27000 0.840
28000 0.842
29000 0.834
30000 0.847
31000 0.844
32000 0.840
33000 0.844
34000 0.848
35000 0.842
36000 0.847
37000 0.847
38000 0.846
39000 0.846
40000 0.850
41000 0.848
42000 0.845
43000 0.850
44000 0.852
45000 0.848
46000 0.850
47000 0.848
48000 0.850
49000 0.847
50000 0.851
51000 0.855
52000 0.850
53000 0.853
54000 0.855
55000 0.847
56000 0.853
57000 0.851
58000 0.856
59000 0.848
60000 0.851
61000 0.858
62000 0.850
63000 0.851
64000 0.857
65000 0.853
66000 0.855
67000 0.853
68000 0.855
69000 0.851
70000 0.849
71000 0.856
72000 0.853
73000 0.853
74000 0.858
75000 0.852
76000 0.858
77000 0.853
78000 0.858
79000 0.853
80000 0.851
81000 0.862
82000 0.857
83000 0.854
84000 0.861
85000 0.857
86000 0.859
87000 0.856
88000 0.861
89000 0.855
90000 0.857
91000 0.859
92000 0.858
93000 0.857
94000 0.858
95000 0.858
96000 0.862
97000 0.860
98000 0.859
99000 0.859
100000 0.856
101000 0.857
102000 0.858
103000 0.859
104000 0.859
105000 0.858
106000 0.857
107000 0.858
108000 0.862
109000 0.865
