1000 0.686
2000 0.709
3000 0.761
4000 0.774
5000 0.784
6000 0.783
7000 0.785
8000 0.804
9000 0.815
10000 0.820
11000 0.816
12000 0.817
13000 0.821
14000 0.828
15000 0.827
16000 0.829
17000 0.818
18000 0.838
19000 0.832
20000 0.834
21000 0.835
22000 0.833
23000 0.838
24000 0.841
25000 0.836
26000 0.844
27000 0.837
28000 0.839
29000 0.835
30000 0.842
31000 0.842
32000 0.842
33000 0.845
34000 0.845
35000 0.838
36000 0.850
37000 0.843
38000 0.846
39000 0.844
40000 0.846
41000 0.846
42000 0.840
43000 0.848
44000 0.849
45000 0.844
46000 0.852
47000 0.848
48000 0.847
49000 0.846
50000 0.846
51000 0.852
52000 0.843
53000 0.849
54000 0.851
55000 0.846
56000 0.854
57000 0.851
58000 0.852
59000 0.848
60000 0.846
61000 0.854
62000 0.849
63000 0.848
64000 0.852
65000 0.849
66000 0.855
67000 0.853
68000 0.852
69000 0.852
70000 0.845
71000 0.854
72000 0.851
73000 0.850
74000 0.852
75000 0.848
76000 0.853
77000 0.852
78000 0.854
79000 0.852
80000 0.845
81000 0.851
82000 0.851
83000 0.851
84000 0.852
85000 0.850
86000 0.849
87000 0.854
88000 0.851
89000 0.851
90000 0.847
91000 0.851
92000 0.851
93000 0.852
94000 0.850
95000 0.853
96000 0.852
97000 0.855
98000 0.853
99000 0.855
100000 0.850
101000 0.849
102000 0.849
103000 0.853
104000 0.853
105000 0.854
106000 0.848
107000 0.854
108000 0.853
109000 0.854
