1000 0.678
2000 0.703
3000 0.748
4000 0.760
5000 0.778
6000 0.778
7000 0.782
8000 0.798
9000 0.806
10000 0.814
11000 0.812
12000 0.810
13000 0.816
14000 0.821
15000 0.819
16000 0.819
17000 0.820
18000 0.829
19000 0.828
20000 0.830
21000 0.830
22000 0.826
23000 0.834
24000 0.837
25000 0.835
26000 0.837
27000 0.835
28000 0.832
29000 0.828
30000 0.832
31000 0.838
32000 0.833
33000 0.837
34000 0.844
35000 0.838
36000 0.845
37000 0.843
38000 0.839
39000 0.838
40000 0.845
41000 0.845
42000 0.838
43000 0.840
44000 0.848
45000 0.843
46000 0.845
47000 0.844
48000 0.843
49000 0.840
50000 0.844
51000 0.849
52000 0.844
53000 0.843
54000 0.846
55000 0.843
56000 0.847
57000 0.843
58000 0.848
59000 0.844
60000 0.845
61000 0.853
62000 0.850
63000 0.846
64000 0.852
65000 0.849
66000 0.849
67000 0.845
68000 0.851
69000 0.848
70000 0.844
71000 0.853
72000 0.852
73000 0.848
74000 0.850
75000 0.848
76000 0.850
77000 0.849
78000 0.852
79000 0.849
80000 0.849
81000 0.857
82000 0.852
83000 0.850
84000 0.851
85000 0.851
86000 0.853
87000 0.853
88000 0.853
89000 0.850
90000 0.854
91000 0.856
92000 0.854
93000 0.852
94000 0.851
95000 0.852
96000 0.856
97000 0.853
98000 0.851
99000 0.851
100000 0.855
101000 0.854
102000 0.850
103000 0.855
104000 0.853
105000 0.848
106000 0.853
107000 0.853
108000 0.854
109000 0.852
