1000 0.690
2000 0.710
3000 0.756
4000 0.769
5000 0.777
6000 0.777
7000 0.775
8000 0.803
9000 0.805
10000 0.813
11000 0.806
12000 0.806
13000 0.823
14000 0.824
15000 0.823
16000 0.828
17000 0.811
18000 0.833
19000 0.830
20000 0.833
21000 0.835
22000 0.823
23000 0.837
24000 0.836
25000 0.831
26000 0.837
27000 0.836
28000 0.836
29000 0.831
30000 0.839
31000 0.836
32000 0.834
33000 0.839
34000 0.843
35000 0.835
36000 0.842
37000 0.843
38000 0.844
39000 0.846
40000 0.845
41000 0.842
42000 0.843
43000 0.844
44000 0.848
45000 0.845
46000 0.843
47000 0.847
48000 0.847
49000 0.844
50000 0.848
51000 0.852
52000 0.849
53000 0.850
54000 0.848
55000 0.845
56000 0.847
57000 0.848
58000 0.851
59000 0.848
60000 0.849
61000 0.855
62000 0.853
63000 0.851
64000 0.852
65000 0.851
66000 0.850
67000 0.851
68000 0.852
69000 0.855
70000 0.847
71000 0.855
72000 0.855
73000 0.855
74000 0.851
75000 0.849
76000 0.852
77000 0.855
78000 0.855
79000 0.853
80000 0.850
81000 0.858
82000 0.855
83000 0.853
84000 0.853
85000 0.854
86000 0.849
87000 0.857
88000 0.857
89000 0.854
90000 0.853
91000 0.854
92000 0.853
93000 0.854
94000 0.850
95000 0.851
96000 0.855
97000 0.858
98000 0.855
99000 0.855
100000 0.853
101000 0.852
102000 0.852
103000 0.856
104000 0.854
105000 0.848
106000 0.853
107000 0.856
108000 0.856
109000 0.856
