1000 0.687
2000 0.708
3000 0.756
4000 0.776
5000 0.784
6000 0.782
7000 0.782
8000 0.806
9000 0.804
10000 0.813
11000 0.805
12000 0.809
13000 0.819
14000 0.824
15000 0.820
16000 0.821
17000 0.818
18000 0.829
19000 0.824
20000 0.826
21000 0.826
22000 0.829
23000 0.831
24000 0.838
25000 0.831
26000 0.839
27000 0.831
28000 0.832
29000 0.831
30000 0.840
31000 0.835
32000 0.835
33000 0.833
34000 0.840
35000 0.833
36000 0.846
37000 0.839
38000 0.839
39000 0.840
40000 0.841
41000 0.840
42000 0.838
43000 0.839
44000 0.846
45000 0.840
46000 0.846
47000 0.841
48000 0.841
49000 0.842
50000 0.843
51000 0.846
52000 0.843
53000 0.840
54000 0.845
55000 0.841
56000 0.848
57000 0.844
58000 0.846
59000 0.847
60000 0.843
61000 0.848
62000 0.848
63000 0.842
64000 0.850
65000 0.844
66000 0.850
67000 0.847
68000 0.850
69000 0.851
70000 0.841
71000 0.846
72000 0.849
73000 0.844
74000 0.849
75000 0.844
76000 0.851
77000 0.848
78000 0.850
79000 0.850
80000 0.843
81000 0.851
82000 0.849
83000 0.845
84000 0.851
85000 0.850
86000 0.850
87000 0.851
88000 0.852
89000 0.851
90000 0.848
91000 0.850
92000 0.847
93000 0.849
94000 0.845
95000 0.852
96000 0.853
97000 0.851
98000 0.851
99000 0.853
100000 0.848
101000 0.850
102000 0.843
103000 0.850
104000 0.850
105000 0.847
106000 0.850
107000 0.851
108000 0.851
109000 0.853
