1000 0.684
2000 0.708
3000 0.756
4000 0.769
5000 0.782
6000 0.785
7000 0.782
8000 0.804
9000 0.809
10000 0.811
11000 0.812
12000 0.815
13000 0.825
14000 0.829
15000 0.824
16000 0.828
17000 0.821
18000 0.831
19000 0.831
20000 0.831
21000 0.839
22000 0.834
23000 0.840
24000 0.839
25000 0.840
26000 0.842
27000 0.837
28000 0.835
29000 0.832
30000 0.845
31000 0.844
32000 0.841
33000 0.843
34000 0.842
35000 0.841
36000 0.846
37000 0.846
38000 0.846
39000 0.847
40000 0.851
41000 0.847
42000 0.843
43000 0.846
44000 0.848
45000 0.848
46000 0.848
47000 0.849
48000 0.849
49000 0.845
50000 0.851
51000 0.850
52000 0.849
53000 0.848
54000 0.846
55000 0.847
56000 0.852
57000 0.848
58000 0.852
59000 0.848
60000 0.846
61000 0.852
62000 0.850
63000 0.848
64000 0.852
65000 0.849
66000 0.854
67000 0.849
68000 0.853
69000 0.851
70000 0.844
71000 0.853
72000 0.854
73000 0.850
74000 0.850
75000 0.852
76000 0.853
77000 0.849
78000 0.852
79000 0.851
80000 0.843
81000 0.850
82000 0.855
83000 0.852
84000 0.850
85000 0.855
86000 0.851
87000 0.851
88000 0.852
89000 0.849
90000 0.851
91000 0.850
92000 0.855
93000 0.852
94000 0.847
95000 0.855
96000 0.851
97000 0.851
98000 0.853
99000 0.852
100000 0.853
101000 0.850
102000 0.855
103000 0.855
104000 0.850
105000 0.851
106000 0.846
107000 0.853
108000 0.853
109000 0.855
