1000 0.681
2000 0.702
3000 0.751
4000 0.775
5000 0.778
6000 0.780
7000 0.792
8000 0.805
9000 0.811
10000 0.816
11000 0.811
12000 0.815
13000 0.826
14000 0.825
15000 0.822
16000 0.827
17000 0.824
18000 0.830
19000 0.832
20000 0.831
21000 0.831
22000 0.828
23000 0.840
24000 0.841
25000 0.836
26000 0.839
27000 0.838
28000 0.834
29000 0.840
30000 0.843
31000 0.839
32000 0.836
33000 0.841
34000 0.849
35000 0.838
36000 0.846
37000 0.844
38000 0.841
39000 0.847
40000 0.850
41000 0.844
42000 0.837
43000 0.845
44000 0.848
45000 0.845
46000 0.846
47000 0.846
48000 0.850
49000 0.845
50000 0.849
51000 0.854
52000 0.845
53000 0.849
54000 0.849
55000 0.849
56000 0.848
57000 0.847
58000 0.854
59000 0.848
60000 0.846
61000 0.855
62000 0.850
63000 0.848
64000 0.856
65000 0.851
66000 0.853
67000 0.848
68000 0.857
69000 0.854
70000 0.846
71000 0.854
72000 0.849
73000 0.851
74000 0.854
75000 0.851
76000 0.854
77000 0.851
78000 0.858
79000 0.856
80000 0.844
81000 0.857
82000 0.851
83000 0.852
84000 0.854
85000 0.854
86000 0.850
87000 0.856
88000 0.859
89000 0.852
90000 0.848
91000 0.857
92000 0.849
93000 0.854
94000 0.855
95000 0.854
96000 0.853
97000 0.855
98000 0.854
99000 0.854
100000 0.850
101000 0.856
102000 0.850
103000 0.855
104000 0.857
105000 0.853
106000 0.849
107000 0.855
108000 0.857
109000 0.858
