1000 0.682
2000 0.706
3000 0.759
4000 0.770
5000 0.781
6000 0.783
7000 0.779
8000 0.803
9000 0.806
10000 0.817
11000 0.813
12000 0.814
13000 0.822
14000 0.826
15000 0.824
16000 0.828
17000 0.819
18000 0.832
19000 0.831
20000 0.830
21000 0.828
22000 0.833
23000 0.837
24000 0.839
25000 0.836
26000 0.837
27000 0.833
28000 0.837
29000 0.831
30000 0.837
31000 0.834
32000 0.840
33000 0.838
34000 0.842
35000 0.840
36000 0.843
37000 0.841
38000 0.844
39000 0.839
40000 0.844
41000 0.841
42000 0.844
43000 0.843
44000 0.847
45000 0.846
46000 0.844
47000 0.841
48000 0.846
49000 0.837
50000 0.842
51000 0.846
52000 0.848
53000 0.845
54000 0.846
55000 0.846
56000 0.846
57000 0.846
58000 0.849
59000 0.843
60000 0.844
61000 0.849
62000 0.849
63000 0.845
64000 0.851
65000 0.846
66000 0.849
67000 0.849
68000 0.850
69000 0.849
70000 0.844
71000 0.850
72000 0.849
73000 0.847
74000 0.851
75000 0.848
76000 0.850
77000 0.850
78000 0.851
79000 0.853
80000 0.841
81000 0.851
82000 0.850
83000 0.849
84000 0.855
85000 0.850
86000 0.848
87000 0.852
88000 0.853
89000 0.852
90000 0.846
91000 0.852
92000 0.851
93000 0.852
94000 0.853
95000 0.850
96000 0.852
97000 0.853
98000 0.852
99000 0.854
100000 0.850
101000 0.850
102000 0.851
103000 0.853
104000 0.857
105000 0.851
106000 0.848
107000 0.853
108000 0.852
109000 0.854
