1000 0.689
2000 0.706
3000 0.758
4000 0.771
5000 0.782
6000 0.778
7000 0.783
8000 0.806
9000 0.809
10000 0.819
11000 0.817
12000 0.815
13000 0.826
14000 0.825
15000 0.825
16000 0.823
17000 0.823
18000 0.833
19000 0.828
20000 0.831
21000 0.834
22000 0.833
23000 0.840
24000 0.837
25000 0.839
26000 0.840
27000 0.838
28000 0.841
29000 0.829
30000 0.844
31000 0.836
32000 0.839
33000 0.840
34000 0.843
35000 0.843
36000 0.847
37000 0.844
38000 0.847
39000 0.842
40000 0.847
41000 0.841
42000 0.841
43000 0.846
44000 0.851
45000 0.846
46000 0.848
47000 0.846
48000 0.850
49000 0.842
50000 0.849
51000 0.848
52000 0.844
53000 0.847
54000 0.850
55000 0.846
56000 0.850
57000 0.847
58000 0.853
59000 0.847
60000 0.847
61000 0.850
62000 0.846
63000 0.847
64000 0.854
65000 0.847
66000 0.850
67000 0.847
68000 0.854
69000 0.850
70000 0.848
71000 0.849
72000 0.848
73000 0.849
74000 0.853
75000 0.846
76000 0.850
77000 0.849
78000 0.853
79000 0.852
80000 0.845
81000 0.853
82000 0.851
83000 0.849
84000 0.853
85000 0.847
86000 0.851
87000 0.852
88000 0.853
89000 0.850
90000 0.850
91000 0.852
92000 0.851
93000 0.850
94000 0.852
95000 0.849
96000 0.853
97000 0.853
98000 0.850
99000 0.850
100000 0.852
101000 0.849
102000 0.849
103000 0.851
104000 0.852
105000 0.849
106000 0.849
107000 0.851
108000 0.849
109000 0.851
