1000 0.681
2000 0.712
3000 0.757
4000 0.768
5000 0.789
6000 0.788
7000 0.782
8000 0.808
9000 0.810
10000 0.816
11000 0.813
12000 0.814
13000 0.818
14000 0.825
15000 0.823
16000 0.825
17000 0.819
18000 0.835
19000 0.831
20000 0.833
21000 0.832
22000 0.830
23000 0.837
24000 0.836
25000 0.837
26000 0.838
27000 0.836
28000 0.841
29000 0.834
30000 0.840
31000 0.836
32000 0.837
33000 0.843
34000 0.840
35000 0.840
36000 0.844
37000 0.839
38000 0.844
39000 0.843
40000 0.845
41000 0.841
42000 0.842
43000 0.845
44000 0.843
45000 0.845
46000 0.846
47000 0.843
48000 0.844
49000 0.843
50000 0.844
51000 0.848
52000 0.846
53000 0.847
54000 0.842
55000 0.845
56000 0.848
57000 0.846
58000 0.852
59000 0.845
60000 0.845
61000 0.851
62000 0.844
63000 0.847
64000 0.849
65000 0.846
66000 0.851
67000 0.847
68000 0.853
69000 0.850
70000 0.843
71000 0.851
72000 0.845
73000 0.848
74000 0.846
75000 0.845
76000 0.849
77000 0.849
78000 0.855
79000 0.851
80000 0.840
81000 0.854
82000 0.846
83000 0.848
84000 0.847
85000 0.849
86000 0.846
87000 0.854
88000 0.856
89000 0.850
90000 0.846
91000 0.853
92000 0.850
93000 0.851
94000 0.847
95000 0.849
96000 0.851
97000 0.854
98000 0.854
99000 0.851
100000 0.852
101000 0.851
102000 0.849
103000 0.852
104000 0.851
105000 0.850
106000 0.846
107000 0.853
108000 0.851
109000 0.853
