1000 0.685
2000 0.705
3000 0.754
4000 0.768
5000 0.777
6000 0.770
7000 0.771
8000 0.805
9000 0.810
10000 0.817
11000 0.808
12000 0.811
13000 0.822
14000 0.821
15000 0.816
16000 0.826
17000 0.820
18000 0.829
19000 0.826
20000 0.822
21000 0.829
22000 0.824
23000 0.832
24000 0.832
25000 0.831
26000 0.835
27000 0.835
28000 0.831
29000 0.827
30000 0.837
31000 0.836
32000 0.833
33000 0.832
34000 0.838
35000 0.831
36000 0.842
37000 0.840
38000 0.839
39000 0.839
40000 0.840
41000 0.838
42000 0.829
43000 0.840
44000 0.841
45000 0.841
46000 0.844
47000 0.841
48000 0.842
49000 0.843
50000 0.843
51000 0.844
52000 0.836
53000 0.839
54000 0.836
55000 0.840
56000 0.847
57000 0.844
58000 0.847
59000 0.846
60000 0.841
61000 0.848
62000 0.836
63000 0.840
64000 0.847
65000 0.841
66000 0.845
67000 0.844
68000 0.847
69000 0.847
70000 0.843
71000 0.847
72000 0.838
73000 0.842
74000 0.845
75000 0.839
76000 0.845
77000 0.848
78000 0.847
79000 0.849
80000 0.844
81000 0.845
82000 0.842
83000 0.845
84000 0.848
85000 0.842
86000 0.842
87000 0.847
88000 0.845
89000 0.848
90000 0.846
91000 0.847
92000 0.846
93000 0.849
94000 0.848
95000 0.848
96000 0.847
97000 0.850
98000 0.847
99000 0.851
100000 0.848
101000 0.847
102000 0.846
103000 0.852
104000 0.850
105000 0.843
106000 0.844
107000 0.850
108000 0.847
109000 0.853
