1000 0.688
2000 0.702
3000 0.754
4000 0.771
5000 0.784
6000 0.771
7000 0.789
8000 0.809
9000 0.812
10000 0.818
11000 0.811
12000 0.812
13000 0.822
14000 0.826
15000 0.827
16000 0.826
17000 0.828
18000 0.834
19000 0.830
20000 0.832
21000 0.837
22000 0.832
23000 0.841
24000 0.842
25000 0.842
26000 0.844
27000 0.842
28000 0.845
29000 0.838
30000 0.848
31000 0.847
32000 0.842
33000 0.848
34000 0.847
35000 0.842
36000 0.852
37000 0.847
38000 0.849
39000 0.851
40000 0.852
41000 0.849
42000 0.844
43000 0.853
44000 0.853
45000 0.848
46000 0.852
47000 0.850
48000 0.850
49000 0.851
50000 0.852
51000 0.856
52000 0.847
53000 0.853
54000 0.851
55000 0.847
56000 0.854
57000 0.854
58000 0.854
59000 0.849
60000 0.849
61000 0.857
62000 0.852
63000 0.850
64000 0.855
65000 0.852
66000 0.855
67000 0.854
68000 0.857
69000 0.855
70000 0.849
71000 0.851
72000 0.851
73000 0.854
74000 0.856
75000 0.851
76000 0.857
77000 0.852
78000 0.859
79000 0.857
80000 0.842
81000 0.853
82000 0.856
83000 0.855
84000 0.856
85000 0.857
86000 0.856
87000 0.858
88000 0.859
89000 0.857
90000 0.850
91000 0.853
92000 0.858
93000 0.857
94000 0.856
95000 0.857
96000 0.858
97000 0.859
98000 0.855
99000 0.857
100000 0.855
101000 0.852
102000 0.854
103000 0.859
104000 0.859
105000 0.852
106000 0.856
107000 0.857
108000 0.857
109000 0.863
