1000 0.687
2000 0.707
3000 0.756
4000 0.772
5000 0.789
6000 0.780
7000 0.785
8000 0.802
9000 0.808
10000 0.815
11000 0.805
12000 0.810
13000 0.818
14000 0.825
15000 0.817
16000 0.824
17000 0.818
18000 0.829
19000 0.830
20000 0.834
21000 0.831
22000 0.827
23000 0.837
24000 0.838
25000 0.832
26000 0.838
27000 0.833
28000 0.833
29000 0.833
30000 0.839
31000 0.834
32000 0.830
33000 0.840
34000 0.841
35000 0.834
36000 0.843
37000 0.837
38000 0.839
39000 0.841
40000 0.841
41000 0.838
42000 0.833
43000 0.843
44000 0.843
45000 0.841
46000 0.844
47000 0.839
48000 0.842
49000 0.837
50000 0.841
51000 0.847
52000 0.841
53000 0.845
54000 0.841
55000 0.838
56000 0.843
57000 0.838
58000 0.846
59000 0.839
60000 0.842
61000 0.848
62000 0.844
63000 0.844
64000 0.846
65000 0.838
66000 0.847
67000 0.842
68000 0.849
69000 0.843
70000 0.843
71000 0.850
72000 0.845
73000 0.847
74000 0.845
75000 0.839
76000 0.848
77000 0.841
78000 0.850
79000 0.845
80000 0.843
81000 0.852
82000 0.849
83000 0.849
84000 0.847
85000 0.843
86000 0.846
87000 0.846
88000 0.852
89000 0.844
90000 0.846
91000 0.851
92000 0.851
93000 0.849
94000 0.844
95000 0.848
96000 0.850
97000 0.850
98000 0.850
99000 0.850
100000 0.845
101000 0.851
102000 0.848
103000 0.850
104000 0.851
105000 0.848
106000 0.847
107000 0.850
108000 0.848
109000 0.853
