1000 0.686
2000 0.706
3000 0.759
4000 0.776
5000 0.788
6000 0.781
7000 0.789
8000 0.808
9000 0.811
10000 0.815
11000 0.815
12000 0.812
13000 0.822
14000 0.825
15000 0.822
16000 0.830
17000 0.823
18000 0.834
19000 0.826
20000 0.830
21000 0.834
22000 0.829
23000 0.835
24000 0.839
25000 0.834
26000 0.839
27000 0.835
28000 0.840
29000 0.830
30000 0.838
31000 0.840
32000 0.836
33000 0.837
34000 0.846
35000 0.837
36000 0.847
37000 0.842
38000 0.846
39000 0.842
40000 0.847
41000 0.844
42000 0.840
43000 0.843
44000 0.847
45000 0.842
46000 0.847
47000 0.844
48000 0.846
49000 0.838
50000 0.847
51000 0.847
52000 0.844
53000 0.845
54000 0.848
55000 0.840
56000 0.850
57000 0.843
58000 0.849
59000 0.843
60000 0.846
61000 0.849
62000 0.848
63000 0.845
64000 0.852
65000 0.845
66000 0.849
67000 0.847
68000 0.849
69000 0.844
70000 0.843
71000 0.847
72000 0.849
73000 0.844
74000 0.852
75000 0.843
76000 0.852
77000 0.848
78000 0.852
79000 0.845
80000 0.845
81000 0.849
82000 0.851
83000 0.847
84000 0.852
85000 0.847
86000 0.851
87000 0.850
88000 0.853
89000 0.846
90000 0.852
91000 0.849
92000 0.852
93000 0.848
94000 0.849
95000 0.847
96000 0.854
97000 0.853
98000 0.852
99000 0.848
100000 0.849
101000 0.850
102000 0.848
103000 0.851
104000 0.854
105000 0.847
106000 0.849
107000 0.850
108000 0.854
109000 0.852
