1000 0.686
2000 0.704
3000 0.753
4000 0.774
5000 0.790
6000 0.782
7000 0.781
8000 0.800
9000 0.808
10000 0.815
11000 0.809
12000 0.812
13000 0.820
14000 0.827
15000 0.821
16000 0.828
17000 0.819
18000 0.827
19000 0.827
20000 0.829
21000 0.826
22000 0.827
23000 0.831
24000 0.835
25000 0.834
26000 0.837
27000 0.835
28000 0.830
29000 0.824
30000 0.838
31000 0.831
32000 0.831
33000 0.833
34000 0.838
35000 0.834
36000 0.844
37000 0.838
38000 0.842
39000 0.841
40000 0.841
41000 0.839
42000 0.835
43000 0.843
44000 0.845
45000 0.842
46000 0.845
47000 0.842
48000 0.844
49000 0.836
50000 0.839
51000 0.846
52000 0.839
53000 0.843
54000 0.845
55000 0.843
56000 0.846
57000 0.842
58000 0.846
59000 0.840
60000 0.840
61000 0.850
62000 0.845
63000 0.842
64000 0.847
65000 0.844
66000 0.850
67000 0.842
68000 0.846
69000 0.845
70000 0.840
71000 0.849
72000 0.848
73000 0.844
74000 0.848
75000 0.847
76000 0.851
77000 0.843
78000 0.848
79000 0.849
80000 0.843
81000 0.854
82000 0.850
83000 0.846
84000 0.851
85000 0.850
86000 0.850
87000 0.850
88000 0.850
89000 0.847
90000 0.848
91000 0.853
92000 0.851
93000 0.852
94000 0.850
95000 0.851
96000 0.853
97000 0.853
98000 0.853
99000 0.851
100000 0.847
101000 0.853
102000 0.853
103000 0.852
104000 0.852
105000 0.849
106000 0.849
107000 0.851
108000 0.855
109000 0.854
