1000 0.677
2000 0.699
3000 0.746
4000 0.770
5000 0.785
6000 0.781
7000 0.780
8000 0.807
9000 0.807
10000 0.812
11000 0.812
12000 0.815
13000 0.825
14000 0.825
15000 0.819
16000 0.826
17000 0.814
18000 0.833
19000 0.827
20000 0.829
21000 0.834
22000 0.831
23000 0.835
24000 0.836
25000 0.834
26000 0.837
27000 0.828
28000 0.835
29000 0.828
30000 0.839
31000 0.840
32000 0.838
33000 0.838
34000 0.842
35000 0.838
36000 0.845
37000 0.838
38000 0.839
39000 0.839
40000 0.844
41000 0.844
42000 0.841
43000 0.842
44000 0.844
45000 0.843
46000 0.846
47000 0.843
48000 0.840
49000 0.840
50000 0.844
51000 0.847
52000 0.845
53000 0.844
54000 0.842
55000 0.844
56000 0.845
57000 0.844
58000 0.846
59000 0.842
60000 0.840
61000 0.850
62000 0.847
63000 0.844
64000 0.849
65000 0.844
66000 0.849
67000 0.845
68000 0.848
69000 0.846
70000 0.841
71000 0.844
72000 0.843
73000 0.845
74000 0.847
75000 0.843
76000 0.848
77000 0.845
78000 0.848
79000 0.850
80000 0.845
81000 0.847
82000 0.847
83000 0.848
84000 0.848
85000 0.847
86000 0.844
87000 0.849
88000 0.850
89000 0.849
90000 0.848
91000 0.849
92000 0.846
93000 0.851
94000 0.848
95000 0.849
96000 0.850
97000 0.851
98000 0.850
99000 0.851
100000 0.852
101000 0.847
102000 0.847
103000 0.854
104000 0.851
105000 0.847
106000 0.848
107000 0.850
108000 0.849
109000 0.854
