1000 0.674
2000 0.705
3000 0.755
4000 0.763
5000 0.782
6000 0.777
7000 0.777
8000 0.800
9000 0.808
10000 0.817
11000 0.810
12000 0.810
13000 0.821
14000 0.824
15000 0.825
16000 0.823
17000 0.826
18000 0.834
19000 0.829
20000 0.828
21000 0.830
22000 0.830
23000 0.834
24000 0.834
25000 0.832
26000 0.837
27000 0.835
28000 0.834
29000 0.838
30000 0.841
31000 0.836
32000 0.839
33000 0.833
34000 0.842
35000 0.835
36000 0.844
37000 0.837
38000 0.840
39000 0.846
40000 0.846
41000 0.843
42000 0.840
43000 0.841
44000 0.845
45000 0.844
46000 0.846
47000 0.842
48000 0.845
49000 0.842
50000 0.846
51000 0.848
52000 0.847
53000 0.846
54000 0.848
55000 0.845
56000 0.846
57000 0.845
58000 0.849
59000 0.844
60000 0.847
61000 0.851
62000 0.849
63000 0.849
64000 0.851
65000 0.845
66000 0.851
67000 0.849
68000 0.850
69000 0.849
70000 0.845
71000 0.850
72000 0.851
73000 0.852
74000 0.851
75000 0.847
76000 0.852
77000 0.849
78000 0.854
79000 0.848
80000 0.849
81000 0.852
82000 0.854
83000 0.850
84000 0.852
85000 0.853
86000 0.845
87000 0.852
88000 0.855
89000 0.848
90000 0.852
91000 0.854
92000 0.852
93000 0.854
94000 0.851
95000 0.855
96000 0.852
97000 0.853
98000 0.855
99000 0.851
100000 0.853
101000 0.855
102000 0.849
103000 0.856
104000 0.853
105000 0.855
106000 0.847
107000 0.849
108000 0.855
109000 0.852
