1000 0.688
2000 0.705
3000 0.754
4000 0.773
5000 0.782
6000 0.783
7000 0.784
8000 0.808
9000 0.803
10000 0.811
11000 0.815
12000 0.811
13000 0.821
14000 0.827
15000 0.823
16000 0.827
17000 0.819
18000 0.831
19000 0.830
20000 0.831
21000 0.832
22000 0.829
23000 0.838
24000 0.837
25000 0.832
26000 0.841
27000 0.831
28000 0.836
29000 0.824
30000 0.838
31000 0.833
32000 0.836
33000 0.835
34000 0.841
35000 0.838
36000 0.843
37000 0.837
38000 0.842
39000 0.839
40000 0.840
41000 0.839
42000 0.837
43000 0.842
44000 0.845
45000 0.841
46000 0.842
47000 0.843
48000 0.842
49000 0.836
50000 0.844
51000 0.848
52000 0.842
53000 0.845
54000 0.845
55000 0.840
56000 0.846
57000 0.847
58000 0.849
59000 0.842
60000 0.843
61000 0.850
62000 0.840
63000 0.845
64000 0.848
65000 0.845
66000 0.851
67000 0.847
68000 0.849
69000 0.850
70000 0.844
71000 0.849
72000 0.844
73000 0.845
74000 0.848
75000 0.848
76000 0.851
77000 0.849
78000 0.850
79000 0.851
80000 0.848
81000 0.850
82000 0.850
83000 0.848
84000 0.848
85000 0.852
86000 0.851
87000 0.851
88000 0.852
89000 0.852
90000 0.849
91000 0.851
92000 0.849
93000 0.851
94000 0.848
95000 0.853
96000 0.854
97000 0.853
98000 0.851
99000 0.854
100000 0.850
101000 0.848
102000 0.851
103000 0.853
104000 0.852
105000 0.852
106000 0.849
107000 0.851
108000 0.851
109000 0.855
