1000 0.686
2000 0.702
3000 0.760
4000 0.764
5000 0.788
6000 0.790
7000 0.777
8000 0.805
9000 0.807
10000 0.816
11000 0.809
12000 0.813
13000 0.818
14000 0.825
15000 0.815
16000 0.823
17000 0.815
18000 0.832
19000 0.829
20000 0.832
21000 0.828
22000 0.828
23000 0.833
24000 0.833
25000 0.833
26000 0.838
27000 0.834
28000 0.830
29000 0.833
30000 0.841
31000 0.838
32000 0.837
33000 0.839
34000 0.840
35000 0.835
36000 0.840
37000 0.840
38000 0.838
39000 0.843
40000 0.843
41000 0.845
42000 0.839
43000 0.844
44000 0.848
45000 0.843
46000 0.845
47000 0.845
48000 0.843
49000 0.841
50000 0.845
51000 0.850
52000 0.844
53000 0.847
54000 0.851
55000 0.841
56000 0.848
57000 0.845
58000 0.850
59000 0.846
60000 0.847
61000 0.851
62000 0.848
63000 0.850
64000 0.853
65000 0.842
66000 0.851
67000 0.845
68000 0.850
69000 0.848
70000 0.844
71000 0.849
72000 0.849
73000 0.851
74000 0.851
75000 0.841
76000 0.849
77000 0.848
78000 0.852
79000 0.851
80000 0.847
81000 0.851
82000 0.853
83000 0.852
84000 0.854
85000 0.848
86000 0.848
87000 0.852
88000 0.856
89000 0.852
90000 0.850
91000 0.851
92000 0.853
93000 0.853
94000 0.847
95000 0.846
96000 0.854
97000 0.854
98000 0.854
99000 0.854
100000 0.849
101000 0.852
102000 0.852
103000 0.855
104000 0.853
105000 0.847
106000 0.852
107000 0.853
108000 0.854
109000 0.855
