1000 0.688 0.769
2000 0.701 0.757
3000 0.752 0.780
4000 0.774 0.790
5000 0.791 0.804
6000 0.778 0.778
7000 0.794 0.791
8000 0.813 0.787
9000 0.815 0.806
10000 0.818 0.812
11000 0.822 0.802
12000 0.815 0.795
13000 0.831 0.812
14000 0.831 0.808
15000 0.832 0.813
16000 0.828 0.810
17000 0.828 0.810
18000 0.836 0.810
19000 0.833 0.822
20000 0.837 0.825
21000 0.840 0.815
22000 0.832 0.813
23000 0.841 0.820
24000 0.841 0.814
25000 0.841 0.817
26000 0.844 0.816
27000 0.840 0.821
28000 0.842 0.808
29000 0.834 0.822
30000 0.847 0.826
31000 0.844 0.819
32000 0.840 0.823
33000 0.844 0.818
34000 0.848 0.818
35000 0.842 0.821
36000 0.847 0.820
37000 0.847 0.819
38000 0.846 0.818
39000 0.846 0.828
40000 0.850 0.827
41000 0.848 0.821
42000 0.845 0.816
43000 0.850 0.820
44000 0.852 0.820
45000 0.848 0.825
46000 0.850 0.833
47000 0.848 0.824
48000 0.850 0.824
49000 0.847 0.826
50000 0.851 0.823
51000 0.855 0.827
52000 0.850 0.824
53000 0.853 0.823
54000 0.855 0.823
55000 0.847 0.819
56000 0.853 0.827
57000 0.851 0.817
58000 0.856 0.825
59000 0.848 0.831
60000 0.851 0.825
61000 0.858 0.828
62000 0.850 0.821
63000 0.851 0.824
64000 0.857 0.828
65000 0.853 0.828
66000 0.855 0.832
67000 0.853 0.814
68000 0.855 0.820
69000 0.851 0.829
70000 0.849 0.818
71000 0.856 0.830
72000 0.853 0.823
73000 0.853 0.828
74000 0.858 0.828
75000 0.852 0.824
76000 0.858 0.831
77000 0.853 0.824
78000 0.858 0.828
79000 0.853 0.829
80000 0.851 0.825
81000 0.862 0.831
82000 0.857 0.824
83000 0.854 0.829
84000 0.861 0.829
85000 0.857 0.834
86000 0.859 0.825
87000 0.856 0.814
88000 0.861 0.833
89000 0.855 0.822
90000 0.857 0.824
91000 0.859 0.832
92000 0.858 0.828
93000 0.857 0.828
94000 0.858 0.828
95000 0.858 0.828
96000 0.862 0.832
97000 0.860 0.831
98000 0.859 0.835
99000 0.859 0.827
100000 0.856 0.832
101000 0.857 0.830
102000 0.858 0.833
103000 0.859 0.828
104000 0.859 0.825
105000 0.858 0.831
106000 0.857 0.833
107000 0.858 0.827
108000 0.862 0.835
109000 0.865 0.831
