1000 0.684 0.769
2000 0.705 0.768
3000 0.755 0.776
4000 0.772 0.793
5000 0.783 0.804
6000 0.774 0.780
7000 0.789 0.802
8000 0.809 0.785
9000 0.811 0.805
10000 0.814 0.810
11000 0.814 0.806
12000 0.816 0.799
13000 0.825 0.813
14000 0.824 0.805
15000 0.815 0.812
16000 0.833 0.817
17000 0.826 0.812
18000 0.838 0.799
19000 0.837 0.819
20000 0.828 0.819
21000 0.834 0.815
22000 0.832 0.801
23000 0.837 0.818
24000 0.841 0.810
25000 0.834 0.814
26000 0.842 0.819
27000 0.840 0.821
28000 0.841 0.807
29000 0.831 0.821
30000 0.838 0.821
31000 0.837 0.814
32000 0.839 0.816
33000 0.839 0.824
34000 0.844 0.820
35000 0.840 0.820
36000 0.846 0.822
37000 0.840 0.825
38000 0.847 0.821
39000 0.843 0.824
40000 0.843 0.825
41000 0.840 0.825
42000 0.838 0.820
43000 0.841 0.822
44000 0.845 0.822
45000 0.844 0.823
46000 0.847 0.830
47000 0.844 0.826
48000 0.847 0.824
49000 0.845 0.824
50000 0.843 0.822
51000 0.846 0.826
52000 0.846 0.821
53000 0.844 0.824
54000 0.841 0.822
55000 0.839 0.822
56000 0.848 0.823
57000 0.847 0.819
58000 0.851 0.828
59000 0.843 0.826
60000 0.845 0.819
61000 0.849 0.827
62000 0.847 0.819
63000 0.843 0.825
64000 0.852 0.829
65000 0.846 0.827
66000 0.849 0.830
67000 0.851 0.821
68000 0.850 0.821
69000 0.847 0.826
70000 0.844 0.813
71000 0.849 0.827
72000 0.849 0.826
73000 0.846 0.826
74000 0.850 0.824
75000 0.847 0.830
76000 0.850 0.831
77000 0.850 0.831
78000 0.850 0.830
79000 0.852 0.829
80000 0.841 0.819
81000 0.852 0.829
82000 0.852 0.826
83000 0.847 0.826
84000 0.854 0.827
85000 0.848 0.832
86000 0.849 0.824
87000 0.853 0.830
88000 0.855 0.830
89000 0.852 0.823
90000 0.848 0.823
91000 0.851 0.827
92000 0.851 0.829
93000 0.851 0.823
94000 0.853 0.830
95000 0.851 0.829
96000 0.853 0.834
97000 0.854 0.832
98000 0.853 0.830
99000 0.854 0.827
100000 0.847 0.829
101000 0.847 0.826
102000 0.853 0.828
103000 0.852 0.822
104000 0.856 0.829
105000 0.852 0.827
106000 0.852 0.830
107000 0.856 0.829
108000 0.855 0.832
109000 0.858 0.830
