1000 0.688 0.763
2000 0.702 0.757
3000 0.754 0.778
4000 0.771 0.798
5000 0.784 0.806
6000 0.771 0.775
7000 0.789 0.798
8000 0.809 0.793
9000 0.812 0.805
10000 0.818 0.811
11000 0.811 0.804
12000 0.812 0.797
13000 0.822 0.815
14000 0.826 0.808
15000 0.827 0.813
16000 0.826 0.809
17000 0.828 0.808
18000 0.834 0.807
19000 0.830 0.814
20000 0.832 0.820
21000 0.837 0.814
22000 0.832 0.807
23000 0.841 0.817
24000 0.842 0.805
25000 0.842 0.813
26000 0.844 0.812
27000 0.842 0.819
28000 0.845 0.810
29000 0.838 0.813
30000 0.848 0.810
31000 0.847 0.815
32000 0.842 0.819
33000 0.848 0.822
34000 0.847 0.821
35000 0.842 0.817
36000 0.852 0.815
37000 0.847 0.821
38000 0.849 0.816
39000 0.851 0.813
40000 0.852 0.823
41000 0.849 0.816
42000 0.844 0.821
43000 0.853 0.820
44000 0.853 0.824
45000 0.848 0.824
46000 0.852 0.823
47000 0.850 0.820
48000 0.850 0.819
49000 0.851 0.819
50000 0.852 0.825
51000 0.856 0.824
52000 0.847 0.822
53000 0.853 0.822
54000 0.851 0.825
55000 0.847 0.819
56000 0.854 0.819
57000 0.854 0.820
58000 0.854 0.819
59000 0.849 0.824
60000 0.849 0.822
61000 0.857 0.828
62000 0.852 0.821
63000 0.850 0.826
64000 0.855 0.826
65000 0.852 0.824
66000 0.855 0.825
67000 0.854 0.816
68000 0.857 0.816
69000 0.855 0.827
70000 0.849 0.813
71000 0.851 0.824
72000 0.851 0.824
73000 0.854 0.827
74000 0.856 0.822
75000 0.851 0.824
76000 0.857 0.828
77000 0.852 0.823
78000 0.859 0.826
79000 0.857 0.828
80000 0.842 0.812
81000 0.853 0.819
82000 0.856 0.821
83000 0.855 0.823
84000 0.856 0.820
85000 0.857 0.828
86000 0.856 0.822
87000 0.858 0.824
88000 0.859 0.831
89000 0.857 0.824
90000 0.850 0.814
91000 0.853 0.823
92000 0.858 0.826
93000 0.857 0.824
94000 0.856 0.823
95000 0.857 0.827
96000 0.858 0.830
97000 0.859 0.830
98000 0.855 0.830
99000 0.857 0.827
100000 0.855 0.821
101000 0.852 0.826
102000 0.854 0.828
103000 0.859 0.824
104000 0.859 0.825
105000 0.852 0.826
106000 0.856 0.831
107000 0.857 0.826
108000 0.857 0.830
109000 0.863 0.829
