1000 0.685 0.769
2000 0.705 0.758
3000 0.754 0.776
4000 0.768 0.794
5000 0.777 0.806
6000 0.770 0.781
7000 0.771 0.798
8000 0.805 0.780
9000 0.810 0.804
10000 0.817 0.810
11000 0.808 0.802
12000 0.811 0.796
13000 0.822 0.816
14000 0.821 0.808
15000 0.816 0.814
16000 0.826 0.818
17000 0.820 0.803
18000 0.829 0.806
19000 0.826 0.818
20000 0.822 0.822
21000 0.829 0.813
22000 0.824 0.809
23000 0.832 0.809
24000 0.832 0.815
25000 0.831 0.819
26000 0.835 0.813
27000 0.835 0.817
28000 0.831 0.815
29000 0.827 0.823
30000 0.837 0.819
31000 0.836 0.815
32000 0.833 0.825
33000 0.832 0.821
34000 0.838 0.828
35000 0.831 0.821
36000 0.842 0.821
37000 0.840 0.820
38000 0.839 0.821
39000 0.839 0.827
40000 0.840 0.826
41000 0.838 0.822
42000 0.829 0.825
43000 0.840 0.829
44000 0.841 0.823
45000 0.841 0.823
46000 0.844 0.829
47000 0.841 0.825
48000 0.842 0.831
49000 0.843 0.826
50000 0.843 0.814
51000 0.844 0.828
52000 0.836 0.826
53000 0.839 0.827
54000 0.836 0.827
55000 0.840 0.817
56000 0.847 0.814
57000 0.844 0.822
58000 0.847 0.829
59000 0.846 0.832
60000 0.841 0.824
61000 0.848 0.826
62000 0.836 0.818
63000 0.840 0.827
64000 0.847 0.827
65000 0.841 0.829
66000 0.845 0.826
67000 0.844 0.824
68000 0.847 0.830
69000 0.847 0.831
70000 0.843 0.810
71000 0.847 0.820
72000 0.838 0.821
73000 0.842 0.831
74000 0.845 0.824
75000 0.839 0.830
76000 0.845 0.829
77000 0.848 0.827
78000 0.847 0.834
79000 0.849 0.834
80000 0.844 0.826
81000 0.845 0.819
82000 0.842 0.830
83000 0.845 0.832
84000 0.848 0.826
85000 0.842 0.830
86000 0.842 0.820
87000 0.847 0.820
88000 0.845 0.835
89000 0.848 0.822
90000 0.846 0.826
91000 0.847 0.825
92000 0.846 0.830
93000 0.849 0.830
94000 0.848 0.827
95000 0.848 0.829
96000 0.847 0.833
97000 0.850 0.835
98000 0.847 0.834
99000 0.851 0.830
100000 0.848 0.833
101000 0.847 0.823
102000 0.846 0.835
103000 0.852 0.829
104000 0.850 0.828
105000 0.843 0.826
106000 0.844 0.821
107000 0.850 0.830
108000 0.847 0.836
109000 0.853 0.829
