1000 0.681 0.773
2000 0.712 0.761
3000 0.757 0.785
4000 0.768 0.790
5000 0.789 0.806
6000 0.788 0.780
7000 0.782 0.795
8000 0.808 0.784
9000 0.810 0.808
10000 0.816 0.811
11000 0.813 0.805
12000 0.814 0.796
13000 0.818 0.815
14000 0.825 0.806
15000 0.823 0.816
16000 0.825 0.813
17000 0.819 0.813
18000 0.835 0.807
19000 0.831 0.821
20000 0.833 0.819
21000 0.832 0.819
22000 0.830 0.804
23000 0.837 0.816
24000 0.836 0.814
25000 0.837 0.821
26000 0.838 0.819
27000 0.836 0.820
28000 0.841 0.813
29000 0.834 0.823
30000 0.840 0.823
31000 0.836 0.817
32000 0.837 0.818
33000 0.843 0.822
34000 0.840 0.822
35000 0.840 0.822
36000 0.844 0.815
37000 0.839 0.821
38000 0.844 0.819
39000 0.843 0.826
40000 0.845 0.826
41000 0.841 0.825
42000 0.842 0.824
43000 0.845 0.826
44000 0.843 0.825
45000 0.845 0.826
46000 0.846 0.825
47000 0.843 0.821
48000 0.844 0.822
49000 0.843 0.828
50000 0.844 0.821
51000 0.848 0.827
52000 0.846 0.829
53000 0.847 0.827
54000 0.842 0.824
55000 0.845 0.820
56000 0.848 0.827
57000 0.846 0.813
58000 0.852 0.828
59000 0.845 0.831
60000 0.845 0.819
61000 0.851 0.826
62000 0.844 0.821
63000 0.847 0.826
64000 0.849 0.824
65000 0.846 0.828
66000 0.851 0.834
67000 0.847 0.804
68000 0.853 0.822
69000 0.850 0.829
70000 0.843 0.812
71000 0.851 0.828
72000 0.845 0.823
73000 0.848 0.828
74000 0.846 0.820
75000 0.845 0.826
76000 0.849 0.831
77000 0.849 0.811
78000 0.855 0.827
79000 0.851 0.831
80000 0.840 0.824
81000 0.854 0.828
82000 0.846 0.820
83000 0.848 0.829
84000 0.847 0.822
85000 0.849 0.828
86000 0.846 0.820
87000 0.854 0.814
88000 0.856 0.833
89000 0.850 0.827
90000 0.846 0.822
91000 0.853 0.829
92000 0.850 0.827
93000 0.851 0.828
94000 0.847 0.825
95000 0.849 0.829
96000 0.851 0.830
97000 0.854 0.829
98000 0.854 0.832
99000 0.851 0.829
100000 0.852 0.828
101000 0.851 0.827
102000 0.849 0.821
103000 0.852 0.827
104000 0.851 0.827
105000 0.850 0.832
106000 0.846 0.828
107000 0.853 0.828
108000 0.851 0.833
109000 0.853 0.832
