1000 0.691 0.765
2000 0.704 0.759
3000 0.754 0.780
4000 0.769 0.788
5000 0.786 0.805
6000 0.773 0.781
7000 0.783 0.804
8000 0.806 0.777
9000 0.805 0.805
10000 0.811 0.809
11000 0.806 0.798
12000 0.816 0.802
13000 0.820 0.813
14000 0.826 0.803
15000 0.816 0.810
16000 0.826 0.811
17000 0.813 0.811
18000 0.831 0.803
19000 0.824 0.818
20000 0.830 0.819
21000 0.832 0.816
22000 0.830 0.809
23000 0.834 0.816
24000 0.833 0.811
25000 0.825 0.817
26000 0.835 0.815
27000 0.830 0.816
28000 0.830 0.803
29000 0.826 0.821
30000 0.837 0.819
31000 0.829 0.818
32000 0.833 0.823
33000 0.838 0.819
34000 0.839 0.817
35000 0.833 0.815
36000 0.842 0.818
37000 0.838 0.823
38000 0.838 0.812
39000 0.837 0.823
40000 0.844 0.822
41000 0.835 0.821
42000 0.832 0.824
43000 0.844 0.816
44000 0.843 0.819
45000 0.839 0.813
46000 0.844 0.825
47000 0.844 0.822
48000 0.837 0.823
49000 0.832 0.824
50000 0.842 0.820
51000 0.845 0.818
52000 0.841 0.829
53000 0.846 0.815
54000 0.838 0.823
55000 0.838 0.810
56000 0.848 0.824
57000 0.843 0.817
58000 0.846 0.825
59000 0.839 0.828
60000 0.841 0.817
61000 0.848 0.822
62000 0.847 0.826
63000 0.844 0.820
64000 0.848 0.826
65000 0.843 0.818
66000 0.848 0.828
67000 0.845 0.808
68000 0.850 0.818
69000 0.846 0.827
70000 0.842 0.814
71000 0.846 0.824
72000 0.847 0.826
73000 0.844 0.823
74000 0.847 0.825
75000 0.846 0.817
76000 0.850 0.828
77000 0.848 0.826
78000 0.852 0.829
79000 0.847 0.830
80000 0.842 0.816
81000 0.852 0.827
82000 0.848 0.826
83000 0.845 0.826
84000 0.848 0.824
85000 0.849 0.825
86000 0.848 0.821
87000 0.853 0.820
88000 0.852 0.831
89000 0.845 0.823
90000 0.844 0.816
91000 0.850 0.832
92000 0.849 0.832
93000 0.848 0.824
94000 0.848 0.826
95000 0.850 0.824
96000 0.852 0.829
97000 0.852 0.833
98000 0.850 0.833
99000 0.846 0.827
100000 0.846 0.825
101000 0.847 0.823
102000 0.848 0.833
103000 0.848 0.826
104000 0.848 0.825
105000 0.848 0.824
106000 0.849 0.827
107000 0.851 0.831
108000 0.850 0.833
109000 0.852 0.829
