1000 0.684 0.769
2000 0.708 0.757
3000 0.756 0.777
4000 0.769 0.788
5000 0.782 0.803
6000 0.785 0.787
7000 0.782 0.799
8000 0.804 0.782
9000 0.809 0.810
10000 0.811 0.813
11000 0.812 0.812
12000 0.815 0.799
13000 0.825 0.812
14000 0.829 0.806
15000 0.824 0.812
16000 0.828 0.813
17000 0.821 0.806
18000 0.831 0.805
19000 0.831 0.817
20000 0.831 0.821
21000 0.839 0.815
22000 0.834 0.804
23000 0.840 0.813
24000 0.839 0.810
25000 0.840 0.821
26000 0.842 0.818
27000 0.837 0.822
28000 0.835 0.811
29000 0.832 0.819
30000 0.845 0.821
31000 0.844 0.816
32000 0.841 0.823
33000 0.843 0.819
34000 0.842 0.823
35000 0.841 0.826
36000 0.846 0.821
37000 0.846 0.826
38000 0.846 0.825
39000 0.847 0.826
40000 0.851 0.823
41000 0.847 0.824
42000 0.843 0.827
43000 0.846 0.820
44000 0.848 0.824
45000 0.848 0.825
46000 0.848 0.829
47000 0.849 0.828
48000 0.849 0.827
49000 0.845 0.828
50000 0.851 0.819
51000 0.850 0.827
52000 0.849 0.829
53000 0.848 0.823
54000 0.846 0.824
55000 0.847 0.822
56000 0.852 0.828
57000 0.848 0.823
58000 0.852 0.824
59000 0.848 0.831
60000 0.846 0.822
61000 0.852 0.831
62000 0.850 0.823
63000 0.848 0.826
64000 0.852 0.830
65000 0.849 0.829
66000 0.854 0.833
67000 0.849 0.820
68000 0.853 0.819
69000 0.851 0.828
70000 0.844 0.823
71000 0.853 0.830
72000 0.854 0.825
73000 0.850 0.825
74000 0.850 0.826
75000 0.852 0.831
76000 0.853 0.832
77000 0.849 0.831
78000 0.852 0.832
79000 0.851 0.832
80000 0.843 0.828
81000 0.850 0.829
82000 0.855 0.828
83000 0.852 0.830
84000 0.850 0.829
85000 0.855 0.834
86000 0.851 0.823
87000 0.851 0.823
88000 0.852 0.835
89000 0.849 0.824
90000 0.851 0.827
91000 0.850 0.829
92000 0.855 0.831
93000 0.852 0.826
94000 0.847 0.830
95000 0.855 0.829
96000 0.851 0.830
97000 0.851 0.831
98000 0.853 0.838
99000 0.852 0.829
100000 0.853 0.827
101000 0.850 0.827
102000 0.855 0.833
103000 0.855 0.829
104000 0.850 0.832
105000 0.851 0.829
106000 0.846 0.824
107000 0.853 0.825
108000 0.853 0.836
109000 0.855 0.834
