1000 0.686 0.765
2000 0.709 0.754
3000 0.761 0.776
4000 0.774 0.791
5000 0.784 0.806
6000 0.783 0.785
7000 0.785 0.791
8000 0.804 0.786
9000 0.815 0.803
10000 0.820 0.812
11000 0.816 0.803
12000 0.817 0.802
13000 0.821 0.811
14000 0.828 0.809
15000 0.827 0.816
16000 0.829 0.808
17000 0.818 0.806
18000 0.838 0.801
19000 0.832 0.815
20000 0.834 0.819
21000 0.835 0.811
22000 0.833 0.805
23000 0.838 0.810
24000 0.841 0.807
25000 0.836 0.819
26000 0.844 0.811
27000 0.837 0.814
28000 0.839 0.808
29000 0.835 0.817
30000 0.842 0.819
31000 0.842 0.811
32000 0.842 0.821
33000 0.845 0.818
34000 0.845 0.815
35000 0.838 0.824
36000 0.850 0.819
37000 0.843 0.820
38000 0.846 0.818
39000 0.844 0.821
40000 0.846 0.823
41000 0.846 0.819
42000 0.840 0.823
43000 0.848 0.819
44000 0.849 0.818
45000 0.844 0.822
46000 0.852 0.826
47000 0.848 0.823
48000 0.847 0.818
49000 0.846 0.822
50000 0.846 0.818
51000 0.852 0.823
52000 0.843 0.825
53000 0.849 0.817
54000 0.851 0.819
55000 0.846 0.816
56000 0.854 0.817
57000 0.851 0.821
58000 0.852 0.817
59000 0.848 0.824
60000 0.846 0.821
61000 0.854 0.824
62000 0.849 0.828
63000 0.848 0.818
64000 0.852 0.823
65000 0.849 0.822
66000 0.855 0.827
67000 0.853 0.825
68000 0.852 0.814
69000 0.852 0.825
70000 0.845 0.818
71000 0.854 0.823
72000 0.851 0.828
73000 0.850 0.825
74000 0.852 0.821
75000 0.848 0.822
76000 0.853 0.827
77000 0.852 0.829
78000 0.854 0.825
79000 0.852 0.826
80000 0.845 0.819
81000 0.851 0.822
82000 0.851 0.824
83000 0.851 0.826
84000 0.852 0.824
85000 0.850 0.822
86000 0.849 0.816
87000 0.854 0.826
88000 0.851 0.829
89000 0.851 0.815
90000 0.847 0.823
91000 0.851 0.822
92000 0.851 0.828
93000 0.852 0.825
94000 0.850 0.823
95000 0.853 0.824
96000 0.852 0.826
97000 0.855 0.828
98000 0.853 0.830
99000 0.855 0.826
100000 0.850 0.822
101000 0.849 0.823
102000 0.849 0.829
103000 0.853 0.828
104000 0.853 0.824
105000 0.854 0.825
106000 0.848 0.824
107000 0.854 0.822
108000 0.853 0.830
109000 0.854 0.829
