1000 0.690 0.768
2000 0.710 0.763
3000 0.756 0.774
4000 0.769 0.794
5000 0.777 0.806
6000 0.777 0.785
7000 0.775 0.799
8000 0.803 0.790
9000 0.805 0.810
10000 0.813 0.813
11000 0.806 0.807
12000 0.806 0.800
13000 0.823 0.816
14000 0.824 0.806
15000 0.823 0.815
16000 0.828 0.814
17000 0.811 0.808
18000 0.833 0.808
19000 0.830 0.821
20000 0.833 0.822
21000 0.835 0.817
22000 0.823 0.815
23000 0.837 0.820
24000 0.836 0.817
25000 0.831 0.814
26000 0.837 0.813
27000 0.836 0.821
28000 0.836 0.812
29000 0.831 0.820
30000 0.839 0.819
31000 0.836 0.812
32000 0.834 0.821
33000 0.839 0.819
34000 0.843 0.822
35000 0.835 0.821
36000 0.842 0.823
37000 0.843 0.822
38000 0.844 0.819
39000 0.846 0.827
40000 0.845 0.831
41000 0.842 0.822
42000 0.843 0.826
43000 0.844 0.822
44000 0.848 0.823
45000 0.845 0.826
46000 0.843 0.828
47000 0.847 0.820
48000 0.847 0.824
49000 0.844 0.826
50000 0.848 0.829
51000 0.852 0.826
52000 0.849 0.828
53000 0.850 0.824
54000 0.848 0.820
55000 0.845 0.817
56000 0.847 0.824
57000 0.848 0.819
58000 0.851 0.824
59000 0.848 0.829
60000 0.849 0.829
61000 0.855 0.826
62000 0.853 0.822
63000 0.851 0.825
64000 0.852 0.821
65000 0.851 0.828
66000 0.850 0.833
67000 0.851 0.820
68000 0.852 0.820
69000 0.855 0.831
70000 0.847 0.820
71000 0.855 0.829
72000 0.855 0.830
73000 0.855 0.828
74000 0.851 0.822
75000 0.849 0.826
76000 0.852 0.832
77000 0.855 0.822
78000 0.855 0.829
79000 0.853 0.830
80000 0.850 0.831
81000 0.858 0.828
82000 0.855 0.823
83000 0.853 0.829
84000 0.853 0.826
85000 0.854 0.832
86000 0.849 0.825
87000 0.857 0.826
88000 0.857 0.834
89000 0.854 0.820
90000 0.853 0.831
91000 0.854 0.832
92000 0.853 0.831
93000 0.854 0.826
94000 0.850 0.827
95000 0.851 0.825
96000 0.855 0.834
97000 0.858 0.834
98000 0.855 0.834
99000 0.855 0.831
100000 0.853 0.835
101000 0.852 0.829
102000 0.852 0.833
103000 0.856 0.823
104000 0.854 0.828
105000 0.848 0.827
106000 0.853 0.835
107000 0.856 0.829
108000 0.856 0.834
109000 0.856 0.832
