1000 0.674 0.773
2000 0.705 0.758
3000 0.755 0.779
4000 0.763 0.792
5000 0.782 0.806
6000 0.777 0.790
7000 0.777 0.797
8000 0.800 0.775
9000 0.808 0.807
10000 0.817 0.813
11000 0.810 0.806
12000 0.810 0.799
13000 0.821 0.814
14000 0.824 0.804
15000 0.825 0.819
16000 0.823 0.821
17000 0.826 0.813
18000 0.834 0.811
19000 0.829 0.820
20000 0.828 0.822
21000 0.830 0.815
22000 0.830 0.813
23000 0.834 0.818
24000 0.834 0.806
25000 0.832 0.824
26000 0.837 0.825
27000 0.835 0.824
28000 0.834 0.808
29000 0.838 0.820
30000 0.841 0.820
31000 0.836 0.812
32000 0.839 0.821
33000 0.833 0.822
34000 0.842 0.822
35000 0.835 0.821
36000 0.844 0.825
37000 0.837 0.824
38000 0.840 0.820
39000 0.846 0.824
40000 0.846 0.826
41000 0.843 0.821
42000 0.840 0.828
43000 0.841 0.824
44000 0.845 0.825
45000 0.844 0.822
46000 0.846 0.829
47000 0.842 0.823
48000 0.845 0.823
49000 0.842 0.822
50000 0.846 0.817
51000 0.848 0.829
52000 0.847 0.830
53000 0.846 0.826
54000 0.848 0.825
55000 0.845 0.821
56000 0.846 0.827
57000 0.845 0.823
58000 0.849 0.831
59000 0.844 0.828
60000 0.847 0.817
61000 0.851 0.830
62000 0.849 0.824
63000 0.849 0.828
64000 0.851 0.827
65000 0.845 0.820
66000 0.851 0.831
67000 0.849 0.823
68000 0.850 0.821
69000 0.849 0.825
70000 0.845 0.812
71000 0.850 0.828
72000 0.851 0.830
73000 0.852 0.828
74000 0.851 0.822
75000 0.847 0.822
76000 0.852 0.828
77000 0.849 0.832
78000 0.854 0.828
79000 0.848 0.827
80000 0.849 0.822
81000 0.852 0.830
82000 0.854 0.829
83000 0.850 0.827
84000 0.852 0.823
85000 0.853 0.828
86000 0.845 0.822
87000 0.852 0.830
88000 0.855 0.832
89000 0.848 0.812
90000 0.852 0.815
91000 0.854 0.829
92000 0.852 0.830
93000 0.854 0.826
94000 0.851 0.826
95000 0.855 0.821
96000 0.852 0.832
97000 0.853 0.833
98000 0.855 0.833
99000 0.851 0.826
100000 0.853 0.826
101000 0.855 0.826
102000 0.849 0.829
103000 0.856 0.825
104000 0.853 0.822
105000 0.855 0.822
106000 0.847 0.831
107000 0.849 0.823
108000 0.855 0.831
109000 0.852 0.828
