1000 0.688 0.773
2000 0.705 0.766
3000 0.754 0.784
4000 0.773 0.792
5000 0.782 0.806
6000 0.783 0.789
7000 0.784 0.800
8000 0.808 0.790
9000 0.803 0.810
10000 0.811 0.813
11000 0.815 0.810
12000 0.811 0.794
13000 0.821 0.810
14000 0.827 0.805
15000 0.823 0.817
16000 0.827 0.813
17000 0.819 0.814
18000 0.831 0.805
19000 0.830 0.815
20000 0.831 0.822
21000 0.832 0.819
22000 0.829 0.810
23000 0.838 0.821
24000 0.837 0.809
25000 0.832 0.824
26000 0.841 0.813
27000 0.831 0.826
28000 0.836 0.806
29000 0.824 0.819
30000 0.838 0.824
31000 0.833 0.816
32000 0.836 0.825
33000 0.835 0.824
34000 0.841 0.824
35000 0.838 0.824
36000 0.843 0.819
37000 0.837 0.827
38000 0.842 0.816
39000 0.839 0.825
40000 0.840 0.824
41000 0.839 0.822
42000 0.837 0.826
43000 0.842 0.826
44000 0.845 0.826
45000 0.841 0.825
46000 0.842 0.824
47000 0.843 0.829
48000 0.842 0.822
49000 0.836 0.824
50000 0.844 0.824
51000 0.848 0.830
52000 0.842 0.828
53000 0.845 0.828
54000 0.845 0.825
55000 0.840 0.819
56000 0.846 0.821
57000 0.847 0.824
58000 0.849 0.821
59000 0.842 0.831
60000 0.843 0.823
61000 0.850 0.830
62000 0.840 0.828
63000 0.845 0.827
64000 0.848 0.830
65000 0.845 0.828
66000 0.851 0.832
67000 0.847 0.819
68000 0.849 0.820
69000 0.850 0.830
70000 0.844 0.817
71000 0.849 0.822
72000 0.844 0.832
73000 0.845 0.829
74000 0.848 0.827
75000 0.848 0.831
76000 0.851 0.830
77000 0.849 0.825
78000 0.850 0.827
79000 0.851 0.831
80000 0.848 0.830
81000 0.850 0.820
82000 0.850 0.833
83000 0.848 0.824
84000 0.848 0.828
85000 0.852 0.830
86000 0.851 0.820
87000 0.851 0.823
88000 0.852 0.833
89000 0.852 0.820
90000 0.849 0.832
91000 0.851 0.829
92000 0.849 0.830
93000 0.851 0.825
94000 0.848 0.832
95000 0.853 0.829
96000 0.854 0.832
97000 0.853 0.833
98000 0.851 0.833
99000 0.854 0.829
100000 0.850 0.835
101000 0.848 0.830
102000 0.851 0.832
103000 0.853 0.825
104000 0.852 0.829
105000 0.852 0.826
106000 0.849 0.831
107000 0.851 0.826
108000 0.851 0.830
109000 0.855 0.832
