1000 0.677 0.770
2000 0.699 0.755
3000 0.746 0.778
4000 0.770 0.789
5000 0.785 0.805
6000 0.781 0.790
7000 0.780 0.795
8000 0.807 0.793
9000 0.807 0.808
10000 0.812 0.814
11000 0.812 0.805
12000 0.815 0.798
13000 0.825 0.813
14000 0.825 0.805
15000 0.819 0.816
16000 0.826 0.813
17000 0.814 0.805
18000 0.833 0.814
19000 0.827 0.818
20000 0.829 0.823
21000 0.834 0.816
22000 0.831 0.803
23000 0.835 0.820
24000 0.836 0.811
25000 0.834 0.817
26000 0.837 0.821
27000 0.828 0.821
28000 0.835 0.815
29000 0.828 0.821
30000 0.839 0.821
31000 0.840 0.820
32000 0.838 0.812
33000 0.838 0.820
34000 0.842 0.821
35000 0.838 0.821
36000 0.845 0.822
37000 0.838 0.822
38000 0.839 0.818
39000 0.839 0.827
40000 0.844 0.828
41000 0.844 0.827
42000 0.841 0.821
43000 0.842 0.820
44000 0.844 0.824
45000 0.843 0.826
46000 0.846 0.826
47000 0.843 0.828
48000 0.840 0.821
49000 0.840 0.827
50000 0.844 0.825
51000 0.847 0.825
52000 0.845 0.827
53000 0.844 0.824
54000 0.842 0.823
55000 0.844 0.825
56000 0.845 0.815
57000 0.844 0.824
58000 0.846 0.825
59000 0.842 0.829
60000 0.840 0.822
61000 0.850 0.829
62000 0.847 0.829
63000 0.844 0.825
64000 0.849 0.824
65000 0.844 0.827
66000 0.849 0.826
67000 0.845 0.818
68000 0.848 0.821
69000 0.846 0.828
70000 0.841 0.810
71000 0.844 0.830
72000 0.843 0.830
73000 0.845 0.828
74000 0.847 0.819
75000 0.843 0.826
76000 0.848 0.827
77000 0.845 0.824
78000 0.848 0.832
79000 0.850 0.829
80000 0.845 0.823
81000 0.847 0.828
82000 0.847 0.829
83000 0.848 0.829
84000 0.848 0.824
85000 0.847 0.829
86000 0.844 0.818
87000 0.849 0.817
88000 0.850 0.834
89000 0.849 0.821
90000 0.848 0.826
91000 0.849 0.830
92000 0.846 0.833
93000 0.851 0.826
94000 0.848 0.824
95000 0.849 0.826
96000 0.850 0.830
97000 0.851 0.832
98000 0.850 0.834
99000 0.851 0.830
100000 0.852 0.829
101000 0.847 0.826
102000 0.847 0.833
103000 0.854 0.827
104000 0.851 0.829
105000 0.847 0.831
106000 0.848 0.827
107000 0.850 0.827
108000 0.849 0.831
109000 0.854 0.826
