1000 0.687 0.763
2000 0.707 0.750
3000 0.756 0.775
4000 0.772 0.785
5000 0.789 0.804
6000 0.780 0.790
7000 0.785 0.796
8000 0.802 0.785
9000 0.808 0.800
10000 0.815 0.813
11000 0.805 0.802
12000 0.810 0.799
13000 0.818 0.811
14000 0.825 0.806
15000 0.817 0.816
16000 0.824 0.814
17000 0.818 0.810
18000 0.829 0.807
19000 0.830 0.819
20000 0.834 0.822
21000 0.831 0.817
22000 0.827 0.797
23000 0.837 0.815
24000 0.838 0.810
25000 0.832 0.816
26000 0.838 0.816
27000 0.833 0.815
28000 0.833 0.808
29000 0.833 0.823
30000 0.839 0.823
31000 0.834 0.809
32000 0.830 0.818
33000 0.840 0.822
34000 0.841 0.821
35000 0.834 0.818
36000 0.843 0.817
37000 0.837 0.824
38000 0.839 0.813
39000 0.841 0.825
40000 0.841 0.827
41000 0.838 0.821
42000 0.833 0.822
43000 0.843 0.823
44000 0.843 0.825
45000 0.841 0.824
46000 0.844 0.825
47000 0.839 0.823
48000 0.842 0.818
49000 0.837 0.824
50000 0.841 0.819
51000 0.847 0.828
52000 0.841 0.826
53000 0.845 0.823
54000 0.841 0.827
55000 0.838 0.819
56000 0.843 0.817
57000 0.838 0.820
58000 0.846 0.824
59000 0.839 0.827
60000 0.842 0.822
61000 0.848 0.829
62000 0.844 0.824
63000 0.844 0.825
64000 0.846 0.826
65000 0.838 0.825
66000 0.847 0.824
67000 0.842 0.818
68000 0.849 0.825
69000 0.843 0.828
70000 0.843 0.816
71000 0.850 0.827
72000 0.845 0.825
73000 0.847 0.828
74000 0.845 0.823
75000 0.839 0.827
76000 0.848 0.826
77000 0.841 0.827
78000 0.850 0.829
79000 0.845 0.828
80000 0.843 0.825
81000 0.852 0.828
82000 0.849 0.825
83000 0.849 0.825
84000 0.847 0.827
85000 0.843 0.830
86000 0.846 0.818
87000 0.846 0.827
88000 0.852 0.831
89000 0.844 0.820
90000 0.846 0.829
91000 0.851 0.827
92000 0.851 0.829
93000 0.849 0.823
94000 0.844 0.825
95000 0.848 0.826
96000 0.850 0.826
97000 0.850 0.833
98000 0.850 0.835
99000 0.850 0.832
100000 0.845 0.833
101000 0.851 0.829
102000 0.848 0.828
103000 0.850 0.826
104000 0.851 0.832
105000 0.848 0.827
106000 0.847 0.829
107000 0.850 0.829
108000 0.848 0.834
109000 0.853 0.832
