1000 0.686 0.769
2000 0.707 0.762
3000 0.757 0.774
4000 0.770 0.791
5000 0.780 0.804
6000 0.792 0.783
7000 0.787 0.800
8000 0.805 0.783
9000 0.812 0.807
10000 0.821 0.812
11000 0.809 0.802
12000 0.817 0.793
13000 0.824 0.813
14000 0.827 0.803
15000 0.826 0.812
16000 0.834 0.815
17000 0.817 0.804
18000 0.837 0.801
19000 0.832 0.821
20000 0.829 0.822
21000 0.836 0.819
22000 0.832 0.805
23000 0.840 0.814
24000 0.838 0.809
25000 0.839 0.819
26000 0.842 0.818
27000 0.838 0.819
28000 0.842 0.805
29000 0.835 0.821
30000 0.837 0.818
31000 0.834 0.815
32000 0.836 0.814
33000 0.839 0.822
34000 0.843 0.823
35000 0.844 0.820
36000 0.850 0.818
37000 0.847 0.825
38000 0.847 0.818
39000 0.846 0.827
40000 0.846 0.823
41000 0.843 0.820
42000 0.838 0.815
43000 0.848 0.821
44000 0.850 0.828
45000 0.848 0.825
46000 0.851 0.825
47000 0.847 0.827
48000 0.846 0.822
49000 0.847 0.827
50000 0.846 0.822
51000 0.854 0.826
52000 0.848 0.823
53000 0.848 0.821
54000 0.849 0.828
55000 0.848 0.819
56000 0.854 0.823
57000 0.851 0.821
58000 0.852 0.826
59000 0.844 0.829
60000 0.845 0.827
61000 0.857 0.826
62000 0.848 0.814
63000 0.848 0.821
64000 0.851 0.827
65000 0.850 0.823
66000 0.856 0.825
67000 0.852 0.812
68000 0.853 0.817
69000 0.851 0.832
70000 0.847 0.815
71000 0.855 0.830
72000 0.851 0.824
73000 0.849 0.825
74000 0.852 0.825
75000 0.852 0.821
76000 0.855 0.827
77000 0.851 0.828
78000 0.856 0.829
79000 0.855 0.830
80000 0.849 0.826
81000 0.854 0.828
82000 0.851 0.821
83000 0.850 0.825
84000 0.852 0.830
85000 0.855 0.827
86000 0.853 0.826
87000 0.853 0.823
88000 0.857 0.833
89000 0.854 0.824
90000 0.853 0.824
91000 0.854 0.829
92000 0.852 0.823
93000 0.855 0.823
94000 0.849 0.828
95000 0.853 0.822
96000 0.855 0.833
97000 0.854 0.833
98000 0.855 0.833
99000 0.857 0.832
100000 0.851 0.828
101000 0.853 0.827
102000 0.848 0.826
103000 0.858 0.826
104000 0.852 0.833
105000 0.850 0.824
106000 0.856 0.828
107000 0.856 0.827
108000 0.855 0.833
109000 0.856 0.833
