1000 0.682 0.756
2000 0.706 0.762
3000 0.759 0.782
4000 0.770 0.784
5000 0.781 0.806
6000 0.783 0.783
7000 0.779 0.798
8000 0.803 0.789
9000 0.806 0.805
10000 0.817 0.814
11000 0.813 0.811
12000 0.814 0.803
13000 0.822 0.817
14000 0.826 0.807
15000 0.824 0.816
16000 0.828 0.813
17000 0.819 0.813
18000 0.832 0.806
19000 0.831 0.820
20000 0.830 0.822
21000 0.828 0.816
22000 0.833 0.808
23000 0.837 0.815
24000 0.839 0.816
25000 0.836 0.820
26000 0.837 0.819
27000 0.833 0.821
28000 0.837 0.812
29000 0.831 0.824
30000 0.837 0.819
31000 0.834 0.807
32000 0.840 0.819
33000 0.838 0.820
34000 0.842 0.823
35000 0.840 0.824
36000 0.843 0.818
37000 0.841 0.820
38000 0.844 0.824
39000 0.839 0.827
40000 0.844 0.820
41000 0.841 0.815
42000 0.844 0.822
43000 0.843 0.822
44000 0.847 0.828
45000 0.846 0.824
46000 0.844 0.829
47000 0.841 0.823
48000 0.846 0.826
49000 0.837 0.830
50000 0.842 0.814
51000 0.846 0.820
52000 0.848 0.829
53000 0.845 0.825
54000 0.846 0.830
55000 0.846 0.820
56000 0.846 0.833
57000 0.846 0.823
58000 0.849 0.829
59000 0.843 0.832
60000 0.844 0.818
61000 0.849 0.824
62000 0.849 0.831
63000 0.845 0.825
64000 0.851 0.833
65000 0.846 0.829
66000 0.849 0.828
67000 0.849 0.821
68000 0.850 0.820
69000 0.849 0.833
70000 0.844 0.815
71000 0.850 0.820
72000 0.849 0.833
73000 0.847 0.828
74000 0.851 0.830
75000 0.848 0.828
76000 0.850 0.830
77000 0.850 0.824
78000 0.851 0.828
79000 0.853 0.833
80000 0.841 0.822
81000 0.851 0.821
82000 0.850 0.832
83000 0.849 0.831
84000 0.855 0.831
85000 0.850 0.829
86000 0.848 0.824
87000 0.852 0.815
88000 0.853 0.833
89000 0.852 0.828
90000 0.846 0.826
91000 0.852 0.832
92000 0.851 0.833
93000 0.852 0.829
94000 0.853 0.830
95000 0.850 0.816
96000 0.852 0.832
97000 0.853 0.833
98000 0.852 0.833
99000 0.854 0.832
100000 0.850 0.826
101000 0.850 0.826
102000 0.851 0.833
103000 0.853 0.828
104000 0.857 0.831
105000 0.851 0.820
106000 0.848 0.831
107000 0.853 0.828
108000 0.852 0.835
109000 0.854 0.832
