1000 0.687 0.769
2000 0.708 0.756
3000 0.756 0.775
4000 0.776 0.786
5000 0.784 0.804
6000 0.782 0.787
7000 0.782 0.795
8000 0.806 0.786
9000 0.804 0.804
10000 0.813 0.810
11000 0.805 0.806
12000 0.809 0.798
13000 0.819 0.812
14000 0.824 0.808
15000 0.820 0.814
16000 0.821 0.811
17000 0.818 0.811
18000 0.829 0.811
19000 0.824 0.817
20000 0.826 0.818
21000 0.826 0.814
22000 0.829 0.815
23000 0.831 0.812
24000 0.838 0.811
25000 0.831 0.817
26000 0.839 0.816
27000 0.831 0.822
28000 0.832 0.810
29000 0.831 0.821
30000 0.840 0.819
31000 0.835 0.815
32000 0.835 0.818
33000 0.833 0.813
34000 0.840 0.821
35000 0.833 0.821
36000 0.846 0.816
37000 0.839 0.824
38000 0.839 0.813
39000 0.840 0.825
40000 0.841 0.825
41000 0.840 0.823
42000 0.838 0.824
43000 0.839 0.813
44000 0.846 0.822
45000 0.840 0.824
46000 0.846 0.826
47000 0.841 0.820
48000 0.841 0.820
49000 0.842 0.825
50000 0.843 0.822
51000 0.846 0.825
52000 0.843 0.825
53000 0.840 0.821
54000 0.845 0.822
55000 0.841 0.819
56000 0.848 0.827
57000 0.844 0.828
58000 0.846 0.821
59000 0.847 0.829
60000 0.843 0.824
61000 0.848 0.826
62000 0.848 0.825
63000 0.842 0.822
64000 0.850 0.824
65000 0.844 0.823
66000 0.850 0.832
67000 0.847 0.826
68000 0.850 0.818
69000 0.851 0.830
70000 0.841 0.815
71000 0.846 0.830
72000 0.849 0.826
73000 0.844 0.826
74000 0.849 0.820
75000 0.844 0.826
76000 0.851 0.829
77000 0.848 0.830
78000 0.850 0.826
79000 0.850 0.831
80000 0.843 0.823
81000 0.851 0.829
82000 0.849 0.829
83000 0.845 0.825
84000 0.851 0.821
85000 0.850 0.831
86000 0.850 0.824
87000 0.851 0.830
88000 0.852 0.830
89000 0.851 0.826
90000 0.848 0.832
91000 0.850 0.829
92000 0.847 0.830
93000 0.849 0.818
94000 0.845 0.819
95000 0.852 0.825
96000 0.853 0.829
97000 0.851 0.834
98000 0.851 0.833
99000 0.853 0.829
100000 0.848 0.828
101000 0.850 0.829
102000 0.843 0.828
103000 0.850 0.820
104000 0.850 0.824
105000 0.847 0.828
106000 0.850 0.830
107000 0.851 0.830
108000 0.851 0.833
109000 0.853 0.831
