1000 0.686 0.770
2000 0.706 0.763
3000 0.759 0.777
4000 0.776 0.788
5000 0.788 0.806
6000 0.781 0.788
7000 0.789 0.797
8000 0.808 0.783
9000 0.811 0.809
10000 0.815 0.811
11000 0.815 0.806
12000 0.812 0.796
13000 0.822 0.813
14000 0.825 0.805
15000 0.822 0.818
16000 0.830 0.816
17000 0.823 0.811
18000 0.834 0.805
19000 0.826 0.820
20000 0.830 0.819
21000 0.834 0.816
22000 0.829 0.803
23000 0.835 0.817
24000 0.839 0.816
25000 0.834 0.822
26000 0.839 0.819
27000 0.835 0.821
28000 0.840 0.814
29000 0.830 0.824
30000 0.838 0.820
31000 0.840 0.812
32000 0.836 0.821
33000 0.837 0.821
34000 0.846 0.823
35000 0.837 0.823
36000 0.847 0.822
37000 0.842 0.823
38000 0.846 0.821
39000 0.842 0.827
40000 0.847 0.828
41000 0.844 0.823
42000 0.840 0.820
43000 0.843 0.821
44000 0.847 0.823
45000 0.842 0.825
46000 0.847 0.828
47000 0.844 0.827
48000 0.846 0.825
49000 0.838 0.823
50000 0.847 0.823
51000 0.847 0.829
52000 0.844 0.819
53000 0.845 0.822
54000 0.848 0.826
55000 0.840 0.819
56000 0.850 0.829
57000 0.843 0.821
58000 0.849 0.824
59000 0.843 0.829
60000 0.846 0.824
61000 0.849 0.832
62000 0.848 0.825
63000 0.845 0.826
64000 0.852 0.830
65000 0.845 0.823
66000 0.849 0.833
67000 0.847 0.821
68000 0.849 0.818
69000 0.844 0.831
70000 0.843 0.820
71000 0.847 0.831
72000 0.849 0.826
73000 0.844 0.824
74000 0.852 0.826
75000 0.843 0.821
76000 0.852 0.832
77000 0.848 0.828
78000 0.852 0.828
79000 0.845 0.829
80000 0.845 0.825
81000 0.849 0.832
82000 0.851 0.827
83000 0.847 0.827
84000 0.852 0.825
85000 0.847 0.827
86000 0.851 0.827
87000 0.850 0.825
88000 0.853 0.830
89000 0.846 0.821
90000 0.852 0.830
91000 0.849 0.833
92000 0.852 0.831
93000 0.848 0.826
94000 0.849 0.831
95000 0.847 0.825
96000 0.854 0.834
97000 0.853 0.832
98000 0.852 0.830
99000 0.848 0.828
100000 0.849 0.830
101000 0.850 0.834
102000 0.848 0.832
103000 0.851 0.828
104000 0.854 0.832
105000 0.847 0.824
106000 0.849 0.833
107000 0.850 0.829
108000 0.854 0.832
109000 0.852 0.830
