1000 0.677 0.776
2000 0.704 0.762
3000 0.750 0.786
4000 0.775 0.793
5000 0.781 0.806
6000 0.774 0.786
7000 0.778 0.801
8000 0.797 0.784
9000 0.808 0.810
10000 0.813 0.811
11000 0.810 0.809
12000 0.812 0.801
13000 0.819 0.814
14000 0.824 0.808
15000 0.822 0.817
16000 0.833 0.817
17000 0.822 0.813
18000 0.832 0.803
19000 0.827 0.821
20000 0.831 0.819
21000 0.833 0.817
22000 0.827 0.809
23000 0.835 0.816
24000 0.839 0.813
25000 0.833 0.821
26000 0.840 0.818
27000 0.836 0.820
28000 0.832 0.808
29000 0.833 0.824
30000 0.840 0.818
31000 0.837 0.816
32000 0.835 0.819
33000 0.837 0.819
34000 0.844 0.825
35000 0.838 0.820
36000 0.843 0.822
37000 0.840 0.822
38000 0.841 0.820
39000 0.841 0.825
40000 0.843 0.822
41000 0.841 0.822
42000 0.839 0.823
43000 0.841 0.822
44000 0.846 0.826
45000 0.840 0.826
46000 0.843 0.829
47000 0.841 0.825
48000 0.841 0.826
49000 0.841 0.827
50000 0.844 0.822
51000 0.846 0.829
52000 0.841 0.826
53000 0.841 0.821
54000 0.844 0.826
55000 0.840 0.821
56000 0.848 0.823
57000 0.842 0.814
58000 0.846 0.821
59000 0.843 0.830
60000 0.843 0.820
61000 0.848 0.827
62000 0.843 0.823
63000 0.844 0.822
64000 0.847 0.827
65000 0.843 0.827
66000 0.852 0.826
67000 0.845 0.813
68000 0.847 0.816
69000 0.846 0.831
70000 0.841 0.815
71000 0.846 0.829
72000 0.844 0.830
73000 0.847 0.828
74000 0.846 0.822
75000 0.841 0.828
76000 0.851 0.829
77000 0.848 0.825
78000 0.848 0.825
79000 0.847 0.831
80000 0.840 0.825
81000 0.844 0.830
82000 0.848 0.832
83000 0.848 0.830
84000 0.847 0.827
85000 0.845 0.831
86000 0.846 0.819
87000 0.849 0.819
88000 0.850 0.833
89000 0.845 0.824
90000 0.844 0.826
91000 0.845 0.831
92000 0.847 0.832
93000 0.850 0.825
94000 0.847 0.827
95000 0.848 0.826
96000 0.849 0.829
97000 0.850 0.831
98000 0.849 0.833
99000 0.849 0.829
100000 0.846 0.833
101000 0.844 0.833
102000 0.844 0.834
103000 0.851 0.827
104000 0.849 0.829
105000 0.844 0.828
106000 0.848 0.829
107000 0.848 0.828
108000 0.846 0.834
109000 0.851 0.833
