1000 0.686 0.770
2000 0.702 0.755
3000 0.760 0.781
4000 0.764 0.788
5000 0.788 0.807
6000 0.790 0.786
7000 0.777 0.792
8000 0.805 0.781
9000 0.807 0.804
10000 0.816 0.813
11000 0.809 0.803
12000 0.813 0.798
13000 0.818 0.811
14000 0.825 0.808
15000 0.815 0.815
16000 0.823 0.806
17000 0.815 0.808
18000 0.832 0.803
19000 0.829 0.821
20000 0.832 0.822
21000 0.828 0.816
22000 0.828 0.807
23000 0.833 0.816
24000 0.833 0.811
25000 0.833 0.822
26000 0.838 0.816
27000 0.834 0.824
28000 0.830 0.805
29000 0.833 0.823
30000 0.841 0.816
31000 0.838 0.814
32000 0.837 0.819
33000 0.839 0.824
34000 0.840 0.822
35000 0.835 0.824
36000 0.840 0.821
37000 0.840 0.829
38000 0.838 0.818
39000 0.843 0.823
40000 0.843 0.820
41000 0.845 0.822
42000 0.839 0.822
43000 0.844 0.821
44000 0.848 0.825
45000 0.843 0.823
46000 0.845 0.827
47000 0.845 0.825
48000 0.843 0.824
49000 0.841 0.824
50000 0.845 0.817
51000 0.850 0.823
52000 0.844 0.827
53000 0.847 0.822
54000 0.851 0.825
55000 0.841 0.817
56000 0.848 0.821
57000 0.845 0.822
58000 0.850 0.827
59000 0.846 0.830
60000 0.847 0.821
61000 0.851 0.822
62000 0.848 0.828
63000 0.850 0.825
64000 0.853 0.825
65000 0.842 0.821
66000 0.851 0.827
67000 0.845 0.818
68000 0.850 0.818
69000 0.848 0.830
70000 0.844 0.814
71000 0.849 0.823
72000 0.849 0.830
73000 0.851 0.831
74000 0.851 0.822
75000 0.841 0.823
76000 0.849 0.828
77000 0.848 0.823
78000 0.852 0.825
79000 0.851 0.829
80000 0.847 0.825
81000 0.851 0.826
82000 0.853 0.829
83000 0.852 0.827
84000 0.854 0.828
85000 0.848 0.831
86000 0.848 0.822
87000 0.852 0.821
88000 0.856 0.833
89000 0.852 0.818
90000 0.850 0.822
91000 0.851 0.828
92000 0.853 0.834
93000 0.853 0.830
94000 0.847 0.827
95000 0.846 0.824
96000 0.854 0.830
97000 0.854 0.835
98000 0.854 0.833
99000 0.854 0.829
100000 0.849 0.827
101000 0.852 0.831
102000 0.852 0.831
103000 0.855 0.830
104000 0.853 0.830
105000 0.847 0.818
106000 0.852 0.830
107000 0.853 0.825
108000 0.854 0.835
109000 0.855 0.832
