1000 0.686 0.773
2000 0.704 0.764
3000 0.753 0.782
4000 0.774 0.795
5000 0.790 0.806
6000 0.782 0.791
7000 0.781 0.796
8000 0.800 0.795
9000 0.808 0.811
10000 0.815 0.816
11000 0.809 0.814
12000 0.812 0.798
13000 0.820 0.818
14000 0.827 0.813
15000 0.821 0.819
16000 0.828 0.809
17000 0.819 0.803
18000 0.827 0.804
19000 0.827 0.822
20000 0.829 0.824
21000 0.826 0.818
22000 0.827 0.813
23000 0.831 0.820
24000 0.835 0.817
25000 0.834 0.824
26000 0.837 0.821
27000 0.835 0.821
28000 0.830 0.813
29000 0.824 0.825
30000 0.838 0.823
31000 0.831 0.821
32000 0.831 0.815
33000 0.833 0.818
34000 0.838 0.824
35000 0.834 0.821
36000 0.844 0.820
37000 0.838 0.827
38000 0.842 0.820
39000 0.841 0.825
40000 0.841 0.824
41000 0.839 0.827
42000 0.835 0.820
43000 0.843 0.824
44000 0.845 0.828
45000 0.842 0.828
46000 0.845 0.830
47000 0.842 0.827
48000 0.844 0.825
49000 0.836 0.823
50000 0.839 0.821
51000 0.846 0.831
52000 0.839 0.823
53000 0.843 0.827
54000 0.845 0.830
55000 0.843 0.821
56000 0.846 0.829
57000 0.842 0.825
58000 0.846 0.827
59000 0.840 0.828
60000 0.840 0.825
61000 0.850 0.829
62000 0.845 0.820
63000 0.842 0.828
64000 0.847 0.830
65000 0.844 0.831
66000 0.850 0.831
67000 0.842 0.819
68000 0.846 0.824
69000 0.845 0.828
70000 0.840 0.819
71000 0.849 0.828
72000 0.848 0.826
73000 0.844 0.832
74000 0.848 0.830
75000 0.847 0.826
76000 0.851 0.834
77000 0.843 0.827
78000 0.848 0.830
79000 0.849 0.833
80000 0.843 0.828
81000 0.854 0.830
82000 0.850 0.830
83000 0.846 0.834
84000 0.851 0.831
85000 0.850 0.831
86000 0.850 0.820
87000 0.850 0.820
88000 0.850 0.834
89000 0.847 0.825
90000 0.848 0.832
91000 0.853 0.833
92000 0.851 0.834
93000 0.852 0.833
94000 0.850 0.829
95000 0.851 0.825
96000 0.853 0.836
97000 0.853 0.838
98000 0.853 0.836
99000 0.851 0.828
100000 0.847 0.835
101000 0.853 0.828
102000 0.853 0.834
103000 0.852 0.831
104000 0.852 0.833
105000 0.849 0.827
106000 0.849 0.832
107000 0.851 0.832
108000 0.855 0.836
109000 0.854 0.833
