1000 0.688 0.767
2000 0.704 0.755
3000 0.756 0.780
4000 0.771 0.793
5000 0.780 0.807
6000 0.781 0.794
7000 0.783 0.796
8000 0.807 0.785
9000 0.804 0.803
10000 0.812 0.808
11000 0.809 0.802
12000 0.814 0.804
13000 0.820 0.812
14000 0.824 0.811
15000 0.821 0.816
16000 0.827 0.817
17000 0.818 0.813
18000 0.832 0.809
19000 0.830 0.819
20000 0.827 0.823
21000 0.832 0.816
22000 0.829 0.817
23000 0.832 0.815
24000 0.833 0.809
25000 0.833 0.820
26000 0.841 0.821
27000 0.835 0.823
28000 0.837 0.812
29000 0.829 0.818
30000 0.839 0.825
31000 0.838 0.819
32000 0.839 0.821
33000 0.840 0.822
34000 0.842 0.818
35000 0.832 0.823
36000 0.845 0.822
37000 0.843 0.824
38000 0.841 0.819
39000 0.838 0.821
40000 0.847 0.827
41000 0.844 0.824
42000 0.844 0.821
43000 0.841 0.817
44000 0.848 0.821
45000 0.839 0.826
46000 0.848 0.827
47000 0.843 0.826
48000 0.845 0.825
49000 0.843 0.827
50000 0.845 0.822
51000 0.850 0.826
52000 0.849 0.826
53000 0.841 0.819
54000 0.847 0.820
55000 0.840 0.818
56000 0.850 0.826
57000 0.846 0.822
58000 0.849 0.828
59000 0.847 0.829
60000 0.847 0.820
61000 0.851 0.827
62000 0.850 0.823
63000 0.845 0.821
64000 0.851 0.822
65000 0.842 0.822
66000 0.853 0.831
67000 0.845 0.823
68000 0.850 0.822
69000 0.852 0.829
70000 0.846 0.817
71000 0.852 0.826
72000 0.850 0.827
73000 0.849 0.823
74000 0.852 0.818
75000 0.844 0.828
76000 0.854 0.826
77000 0.849 0.830
78000 0.851 0.826
79000 0.853 0.830
80000 0.846 0.822
81000 0.854 0.825
82000 0.852 0.828
83000 0.852 0.827
84000 0.850 0.820
85000 0.849 0.828
86000 0.851 0.821
87000 0.852 0.829
88000 0.854 0.829
89000 0.853 0.824
90000 0.852 0.821
91000 0.856 0.827
92000 0.855 0.830
93000 0.853 0.824
94000 0.851 0.824
95000 0.851 0.824
96000 0.856 0.827
97000 0.853 0.833
98000 0.852 0.831
99000 0.856 0.827
100000 0.852 0.821
101000 0.855 0.825
102000 0.856 0.831
103000 0.856 0.827
104000 0.854 0.827
105000 0.847 0.823
106000 0.852 0.830
107000 0.852 0.833
108000 0.855 0.833
109000 0.859 0.832
