1000 0.682 0.765
2000 0.700 0.763
3000 0.753 0.778
4000 0.765 0.787
5000 0.782 0.806
6000 0.780 0.775
7000 0.786 0.804
8000 0.807 0.780
9000 0.811 0.802
10000 0.810 0.815
11000 0.817 0.802
12000 0.811 0.802
13000 0.822 0.813
14000 0.826 0.809
15000 0.823 0.818
16000 0.830 0.810
17000 0.823 0.812
18000 0.835 0.813
19000 0.831 0.819
20000 0.835 0.821
21000 0.831 0.807
22000 0.832 0.806
23000 0.837 0.815
24000 0.840 0.812
25000 0.836 0.819
26000 0.841 0.819
27000 0.835 0.820
28000 0.840 0.816
29000 0.840 0.821
30000 0.843 0.821
31000 0.838 0.812
32000 0.841 0.821
33000 0.841 0.820
34000 0.844 0.820
35000 0.840 0.821
36000 0.845 0.817
37000 0.842 0.823
38000 0.846 0.819
39000 0.848 0.825
40000 0.850 0.824
41000 0.845 0.820
42000 0.838 0.818
43000 0.846 0.824
44000 0.846 0.822
45000 0.846 0.824
46000 0.850 0.823
47000 0.846 0.825
48000 0.846 0.824
49000 0.846 0.823
50000 0.850 0.818
51000 0.851 0.824
52000 0.844 0.820
53000 0.849 0.823
54000 0.843 0.822
55000 0.847 0.822
56000 0.849 0.821
57000 0.847 0.819
58000 0.848 0.821
59000 0.846 0.827
60000 0.848 0.814
61000 0.850 0.823
62000 0.848 0.822
63000 0.846 0.825
64000 0.846 0.823
65000 0.847 0.824
66000 0.852 0.829
67000 0.850 0.814
68000 0.849 0.818
69000 0.848 0.829
70000 0.850 0.818
71000 0.851 0.825
72000 0.853 0.826
73000 0.848 0.828
74000 0.845 0.820
75000 0.845 0.824
76000 0.852 0.827
77000 0.850 0.818
78000 0.852 0.825
79000 0.850 0.829
80000 0.847 0.821
81000 0.855 0.821
82000 0.852 0.826
83000 0.848 0.828
84000 0.845 0.824
85000 0.848 0.826
86000 0.851 0.821
87000 0.851 0.814
88000 0.854 0.829
89000 0.851 0.827
90000 0.851 0.824
91000 0.852 0.826
92000 0.850 0.830
93000 0.850 0.828
94000 0.842 0.821
95000 0.849 0.823
96000 0.855 0.828
97000 0.853 0.829
98000 0.853 0.830
99000 0.855 0.830
100000 0.853 0.825
101000 0.854 0.823
102000 0.850 0.829
103000 0.854 0.826
104000 0.849 0.826
105000 0.850 0.827
106000 0.855 0.824
107000 0.851 0.829
108000 0.856 0.831
109000 0.855 0.830
