1000 0.690 0.772
2000 0.711 0.751
3000 0.760 0.776
4000 0.771 0.790
5000 0.782 0.806
6000 0.779 0.784
7000 0.782 0.796
8000 0.803 0.782
9000 0.809 0.807
10000 0.811 0.814
11000 0.810 0.805
12000 0.813 0.796
13000 0.823 0.814
14000 0.827 0.805
15000 0.826 0.813
16000 0.827 0.811
17000 0.813 0.808
18000 0.836 0.807
19000 0.829 0.814
20000 0.832 0.822
21000 0.835 0.813
22000 0.835 0.804
23000 0.840 0.810
24000 0.842 0.806
25000 0.843 0.816
26000 0.843 0.814
27000 0.841 0.816
28000 0.845 0.800
29000 0.830 0.818
30000 0.844 0.823
31000 0.845 0.807
32000 0.840 0.812
33000 0.840 0.822
34000 0.849 0.820
35000 0.846 0.810
36000 0.852 0.823
37000 0.848 0.822
38000 0.851 0.812
39000 0.843 0.820
40000 0.850 0.823
41000 0.849 0.819
42000 0.841 0.816
43000 0.849 0.820
44000 0.854 0.823
45000 0.850 0.821
46000 0.852 0.828
47000 0.850 0.820
48000 0.851 0.822
49000 0.846 0.823
50000 0.851 0.821
51000 0.856 0.824
52000 0.849 0.822
53000 0.850 0.822
54000 0.851 0.822
55000 0.849 0.816
56000 0.850 0.829
57000 0.852 0.820
58000 0.852 0.823
59000 0.848 0.829
60000 0.850 0.822
61000 0.857 0.826
62000 0.853 0.823
63000 0.850 0.823
64000 0.855 0.826
65000 0.849 0.823
66000 0.854 0.833
67000 0.850 0.820
68000 0.854 0.817
69000 0.852 0.830
70000 0.849 0.816
71000 0.856 0.828
72000 0.854 0.826
73000 0.853 0.825
74000 0.856 0.823
75000 0.852 0.829
76000 0.854 0.830
77000 0.853 0.823
78000 0.858 0.828
79000 0.856 0.831
80000 0.848 0.821
81000 0.859 0.826
82000 0.856 0.826
83000 0.854 0.828
84000 0.857 0.825
85000 0.857 0.832
86000 0.853 0.819
87000 0.858 0.817
88000 0.860 0.829
89000 0.858 0.825
90000 0.851 0.824
91000 0.859 0.828
92000 0.856 0.832
93000 0.855 0.825
94000 0.855 0.825
95000 0.856 0.830
96000 0.855 0.833
97000 0.858 0.831
98000 0.857 0.830
99000 0.861 0.831
100000 0.855 0.833
101000 0.859 0.828
102000 0.857 0.831
103000 0.858 0.825
104000 0.856 0.827
105000 0.851 0.825
106000 0.851 0.832
107000 0.858 0.828
108000 0.859 0.827
109000 0.861 0.832
