1000 0.689 0.768
2000 0.706 0.756
3000 0.758 0.777
4000 0.771 0.793
5000 0.782 0.804
6000 0.778 0.771
7000 0.783 0.795
8000 0.806 0.784
9000 0.809 0.807
10000 0.819 0.812
11000 0.817 0.805
12000 0.815 0.797
13000 0.826 0.814
14000 0.825 0.805
15000 0.825 0.816
16000 0.823 0.810
17000 0.823 0.811
18000 0.833 0.809
19000 0.828 0.819
20000 0.831 0.822
21000 0.834 0.816
22000 0.833 0.809
23000 0.840 0.816
24000 0.837 0.814
25000 0.839 0.816
26000 0.840 0.816
27000 0.838 0.825
28000 0.841 0.810
29000 0.829 0.819
30000 0.844 0.823
31000 0.836 0.810
32000 0.839 0.817
33000 0.840 0.824
34000 0.843 0.821
35000 0.843 0.822
36000 0.847 0.817
37000 0.844 0.825
38000 0.847 0.816
39000 0.842 0.824
40000 0.847 0.823
41000 0.841 0.823
42000 0.841 0.816
43000 0.846 0.822
44000 0.851 0.824
45000 0.846 0.826
46000 0.848 0.823
47000 0.846 0.826
48000 0.850 0.827
49000 0.842 0.826
50000 0.849 0.819
51000 0.848 0.828
52000 0.844 0.824
53000 0.847 0.825
54000 0.850 0.825
55000 0.846 0.820
56000 0.850 0.819
57000 0.847 0.822
58000 0.853 0.826
59000 0.847 0.828
60000 0.847 0.820
61000 0.850 0.829
62000 0.846 0.824
63000 0.847 0.824
64000 0.854 0.827
65000 0.847 0.825
66000 0.850 0.828
67000 0.847 0.810
68000 0.854 0.821
69000 0.850 0.829
70000 0.848 0.812
71000 0.849 0.825
72000 0.848 0.826
73000 0.849 0.825
74000 0.853 0.826
75000 0.846 0.824
76000 0.850 0.828
77000 0.849 0.824
78000 0.853 0.827
79000 0.852 0.830
80000 0.845 0.815
81000 0.853 0.824
82000 0.851 0.827
83000 0.849 0.826
84000 0.853 0.827
85000 0.847 0.829
86000 0.851 0.824
87000 0.852 0.825
88000 0.853 0.833
89000 0.850 0.823
90000 0.850 0.821
91000 0.852 0.825
92000 0.851 0.829
93000 0.850 0.822
94000 0.852 0.826
95000 0.849 0.823
96000 0.853 0.829
97000 0.853 0.835
98000 0.850 0.831
99000 0.850 0.829
100000 0.852 0.831
101000 0.849 0.820
102000 0.849 0.830
103000 0.851 0.823
104000 0.852 0.828
105000 0.849 0.825
106000 0.849 0.829
107000 0.851 0.828
108000 0.849 0.826
109000 0.851 0.830
