1000 0.681 0.766
2000 0.702 0.758
3000 0.751 0.777
4000 0.775 0.789
5000 0.778 0.805
6000 0.780 0.780
7000 0.792 0.798
8000 0.805 0.779
9000 0.811 0.803
10000 0.816 0.808
11000 0.811 0.799
12000 0.815 0.794
13000 0.826 0.814
14000 0.825 0.802
15000 0.822 0.813
16000 0.827 0.811
17000 0.824 0.811
18000 0.830 0.805
19000 0.832 0.817
20000 0.831 0.815
21000 0.831 0.815
22000 0.828 0.802
23000 0.840 0.814
24000 0.841 0.809
25000 0.836 0.812
26000 0.839 0.814
27000 0.838 0.821
28000 0.834 0.809
29000 0.840 0.822
30000 0.843 0.814
31000 0.839 0.814
32000 0.836 0.817
33000 0.841 0.814
34000 0.849 0.817
35000 0.838 0.817
36000 0.846 0.811
37000 0.844 0.818
38000 0.841 0.818
39000 0.847 0.825
40000 0.850 0.822
41000 0.844 0.816
42000 0.837 0.821
43000 0.845 0.819
44000 0.848 0.822
45000 0.845 0.820
46000 0.846 0.824
47000 0.846 0.821
48000 0.850 0.825
49000 0.845 0.824
50000 0.849 0.819
51000 0.854 0.819
52000 0.845 0.824
53000 0.849 0.821
54000 0.849 0.823
55000 0.849 0.812
56000 0.848 0.818
57000 0.847 0.828
58000 0.854 0.826
59000 0.848 0.828
60000 0.846 0.819
61000 0.855 0.816
62000 0.850 0.825
63000 0.848 0.820
64000 0.856 0.824
65000 0.851 0.827
66000 0.853 0.828
67000 0.848 0.821
68000 0.857 0.821
69000 0.854 0.827
70000 0.846 0.814
71000 0.854 0.821
72000 0.849 0.829
73000 0.851 0.826
74000 0.854 0.822
75000 0.851 0.826
76000 0.854 0.829
77000 0.851 0.825
78000 0.858 0.833
79000 0.856 0.830
80000 0.844 0.819
81000 0.857 0.821
82000 0.851 0.826
83000 0.852 0.826
84000 0.854 0.825
85000 0.854 0.828
86000 0.850 0.823
87000 0.856 0.824
88000 0.859 0.835
89000 0.852 0.823
90000 0.848 0.820
91000 0.857 0.825
92000 0.849 0.828
93000 0.854 0.825
94000 0.855 0.828
95000 0.854 0.825
96000 0.853 0.831
97000 0.855 0.833
98000 0.854 0.835
99000 0.854 0.826
100000 0.850 0.829
101000 0.856 0.826
102000 0.850 0.831
103000 0.855 0.825
104000 0.857 0.828
105000 0.853 0.826
106000 0.849 0.830
107000 0.855 0.830
108000 0.857 0.833
109000 0.858 0.829
