1000 0.678 0.768
2000 0.703 0.757
3000 0.748 0.774
4000 0.760 0.793
5000 0.778 0.803
6000 0.778 0.787
7000 0.782 0.800
8000 0.798 0.777
9000 0.806 0.801
10000 0.814 0.812
11000 0.812 0.808
12000 0.810 0.794
13000 0.816 0.813
14000 0.821 0.806
15000 0.819 0.811
16000 0.819 0.814
17000 0.820 0.808
18000 0.829 0.804
19000 0.828 0.820
20000 0.830 0.821
21000 0.830 0.812
22000 0.826 0.808
23000 0.834 0.820
24000 0.837 0.817
25000 0.835 0.817
26000 0.837 0.823
27000 0.835 0.822
28000 0.832 0.813
29000 0.828 0.824
30000 0.832 0.822
31000 0.838 0.817
32000 0.833 0.819
33000 0.837 0.824
34000 0.844 0.822
35000 0.838 0.818
36000 0.845 0.821
37000 0.843 0.821
38000 0.839 0.823
39000 0.838 0.825
40000 0.845 0.827
41000 0.845 0.826
42000 0.838 0.821
43000 0.840 0.821
44000 0.848 0.827
45000 0.843 0.820
46000 0.845 0.825
47000 0.844 0.824
48000 0.843 0.828
49000 0.840 0.825
50000 0.844 0.827
51000 0.849 0.827
52000 0.844 0.827
53000 0.843 0.820
54000 0.846 0.826
55000 0.843 0.807
56000 0.847 0.823
57000 0.843 0.821
58000 0.848 0.826
59000 0.844 0.827
60000 0.845 0.828
61000 0.853 0.828
62000 0.850 0.826
63000 0.846 0.823
64000 0.852 0.827
65000 0.849 0.821
66000 0.849 0.830
67000 0.845 0.814
68000 0.851 0.826
69000 0.848 0.831
70000 0.844 0.823
71000 0.853 0.828
72000 0.852 0.825
73000 0.848 0.826
74000 0.850 0.825
75000 0.848 0.820
76000 0.850 0.829
77000 0.849 0.820
78000 0.852 0.826
79000 0.849 0.828
80000 0.849 0.832
81000 0.857 0.829
82000 0.852 0.826
83000 0.850 0.829
84000 0.851 0.827
85000 0.851 0.825
86000 0.853 0.822
87000 0.853 0.819
88000 0.853 0.831
89000 0.850 0.821
90000 0.854 0.831
91000 0.856 0.828
92000 0.854 0.829
93000 0.852 0.823
94000 0.851 0.825
95000 0.852 0.819
96000 0.856 0.832
97000 0.853 0.832
98000 0.851 0.832
99000 0.851 0.828
100000 0.855 0.830
101000 0.854 0.831
102000 0.850 0.831
103000 0.855 0.827
104000 0.853 0.827
105000 0.848 0.818
106000 0.853 0.828
107000 0.853 0.829
108000 0.854 0.831
109000 0.852 0.830
