1000 0.697 0.772
2000 0.718 0.767
3000 0.767 0.783
4000 0.779 0.791
5000 0.792 0.807
6000 0.793 0.790
7000 0.791 0.799
8000 0.812 0.789
9000 0.817 0.807
10000 0.822 0.810
11000 0.820 0.804
12000 0.819 0.801
13000 0.827 0.814
14000 0.830 0.805
15000 0.828 0.816
16000 0.833 0.814
17000 0.825 0.809
18000 0.835 0.807
19000 0.834 0.819
20000 0.832 0.819
21000 0.836 0.815
22000 0.834 0.809
23000 0.839 0.817
24000 0.840 0.811
25000 0.836 0.818
26000 0.842 0.817
27000 0.837 0.818
28000 0.838 0.811
29000 0.835 0.821
30000 0.842 0.818
31000 0.839 0.815
32000 0.840 0.821
33000 0.841 0.819
34000 0.846 0.820
35000 0.841 0.822
36000 0.847 0.819
37000 0.843 0.822
38000 0.845 0.820
39000 0.845 0.824
40000 0.846 0.824
41000 0.843 0.822
42000 0.840 0.822
43000 0.845 0.819
44000 0.849 0.823
45000 0.845 0.825
46000 0.848 0.826
47000 0.845 0.824
48000 0.846 0.823
49000 0.843 0.825
50000 0.846 0.818
51000 0.849 0.826
52000 0.845 0.825
53000 0.847 0.822
54000 0.848 0.825
55000 0.846 0.821
56000 0.849 0.822
57000 0.846 0.820
58000 0.850 0.826
59000 0.845 0.827
60000 0.844 0.821
61000 0.852 0.826
62000 0.847 0.824
63000 0.846 0.824
64000 0.851 0.827
65000 0.847 0.823
66000 0.850 0.829
67000 0.847 0.819
68000 0.850 0.821
69000 0.850 0.828
70000 0.843 0.816
71000 0.851 0.825
72000 0.850 0.827
73000 0.848 0.826
74000 0.851 0.824
75000 0.846 0.826
76000 0.851 0.829
77000 0.850 0.826
78000 0.852 0.829
79000 0.850 0.829
80000 0.843 0.823
81000 0.852 0.825
82000 0.851 0.827
83000 0.848 0.825
84000 0.851 0.827
85000 0.850 0.829
86000 0.848 0.822
87000 0.852 0.823
88000 0.853 0.832
89000 0.849 0.823
90000 0.847 0.827
91000 0.850 0.828
92000 0.851 0.830
93000 0.849 0.823
94000 0.849 0.827
95000 0.851 0.826
96000 0.852 0.830
97000 0.853 0.832
98000 0.851 0.831
99000 0.851 0.828
100000 0.849 0.829
101000 0.850 0.827
102000 0.850 0.831
103000 0.852 0.825
104000 0.853 0.829
105000 0.849 0.827
106000 0.849 0.828
107000 0.852 0.828
108000 0.852 0.831
109000 0.854 0.831
