1000 0.432 0.766
2000 0.510 0.766
3000 0.605 0.792
4000 0.623 0.794
5000 0.700 0.819
6000 0.746 0.814
7000 0.781 0.815
8000 0.796 0.798
9000 0.815 0.822
10000 0.823 0.824
11000 0.819 0.821
12000 0.830 0.820
13000 0.831 0.828
14000 0.836 0.824
15000 0.839 0.834
16000 0.839 0.823
17000 0.838 0.830
18000 0.841 0.827
19000 0.843 0.835
20000 0.845 0.832
21000 0.832 0.832
22000 0.845 0.827
23000 0.847 0.831
24000 0.846 0.823
25000 0.845 0.835
26000 0.845 0.833
27000 0.845 0.834
28000 0.847 0.831
29000 0.846 0.838
30000 0.849 0.838
31000 0.847 0.835
32000 0.851 0.834
33000 0.848 0.830
34000 0.853 0.834
35000 0.855 0.839
36000 0.851 0.836
37000 0.856 0.839
38000 0.853 0.836
39000 0.854 0.841
40000 0.860 0.839
41000 0.849 0.838
42000 0.854 0.835
43000 0.857 0.837
44000 0.860 0.840
45000 0.859 0.841
46000 0.861 0.843
47000 0.861 0.842
48000 0.861 0.839
49000 0.857 0.843
50000 0.863 0.839
51000 0.858 0.838
52000 0.862 0.837
53000 0.861 0.830
54000 0.862 0.841
55000 0.864 0.839
56000 0.861 0.842
57000 0.865 0.833
58000 0.862 0.832
59000 0.860 0.839
60000 0.863 0.838
61000 0.862 0.840
62000 0.865 0.835
63000 0.861 0.837
64000 0.860 0.838
65000 0.862 0.834
66000 0.862 0.840
67000 0.864 0.835
68000 0.864 0.839
69000 0.860 0.844
70000 0.860 0.837
71000 0.861 0.842
72000 0.865 0.838
73000 0.861 0.841
74000 0.860 0.842
75000 0.866 0.842
76000 0.865 0.843
77000 0.866 0.841
78000 0.864 0.846
79000 0.863 0.843
80000 0.862 0.844
81000 0.863 0.844
82000 0.864 0.845
83000 0.861 0.841
84000 0.867 0.842
85000 0.866 0.844
86000 0.864 0.841
87000 0.867 0.835
88000 0.864 0.848
89000 0.863 0.842
90000 0.865 0.844
91000 0.865 0.850
92000 0.864 0.844
93000 0.865 0.844
94000 0.866 0.843
95000 0.867 0.844
96000 0.864 0.849
97000 0.864 0.843
98000 0.868 0.848
99000 0.865 0.844
100000 0.867 0.849
101000 0.867 0.847
102000 0.865 0.848
103000 0.863 0.842
104000 0.868 0.843
105000 0.864 0.846
106000 0.866 0.847
107000 0.866 0.847
108000 0.863 0.849
109000 0.868 0.848
