1000 0.040 0.474
2000 0.537 0.746
3000 0.636 0.776
4000 0.679 0.801
5000 0.732 0.814
6000 0.750 0.808
7000 0.760 0.802
8000 0.794 0.793
9000 0.806 0.818
10000 0.822 0.822
11000 0.815 0.818
12000 0.827 0.807
13000 0.833 0.828
14000 0.841 0.816
15000 0.853 0.821
16000 0.853 0.828
17000 0.842 0.815
18000 0.855 0.828
19000 0.855 0.831
20000 0.847 0.832
21000 0.845 0.825
22000 0.853 0.830
23000 0.858 0.835
24000 0.859 0.816
25000 0.860 0.835
26000 0.860 0.828
27000 0.851 0.835
28000 0.860 0.820
29000 0.860 0.833
30000 0.857 0.834
31000 0.853 0.833
32000 0.854 0.836
33000 0.860 0.836
34000 0.863 0.832
35000 0.859 0.839
36000 0.863 0.835
37000 0.859 0.836
38000 0.866 0.839
39000 0.861 0.839
40000 0.863 0.841
41000 0.858 0.843
42000 0.859 0.834
43000 0.867 0.838
44000 0.864 0.833
45000 0.861 0.840
46000 0.868 0.844
47000 0.859 0.841
48000 0.867 0.843
49000 0.866 0.843
50000 0.862 0.841
51000 0.862 0.843
52000 0.865 0.842
53000 0.867 0.841
54000 0.866 0.836
55000 0.866 0.830
56000 0.865 0.846
57000 0.865 0.842
58000 0.869 0.839
59000 0.866 0.834
60000 0.863 0.838
61000 0.866 0.843
62000 0.864 0.840
63000 0.867 0.844
64000 0.868 0.844
65000 0.868 0.839
66000 0.866 0.849
67000 0.864 0.838
68000 0.866 0.837
69000 0.869 0.847
70000 0.864 0.838
71000 0.868 0.848
72000 0.866 0.848
73000 0.864 0.847
74000 0.867 0.845
75000 0.867 0.840
76000 0.867 0.847
77000 0.867 0.842
78000 0.869 0.845
79000 0.865 0.844
80000 0.866 0.843
81000 0.871 0.848
82000 0.863 0.849
83000 0.862 0.837
84000 0.868 0.844
85000 0.869 0.846
86000 0.870 0.847
87000 0.866 0.844
88000 0.870 0.848
89000 0.867 0.841
90000 0.868 0.844
91000 0.869 0.850
92000 0.868 0.845
93000 0.865 0.838
94000 0.871 0.846
95000 0.871 0.844
96000 0.869 0.848
97000 0.864 0.844
98000 0.871 0.849
99000 0.867 0.844
100000 0.867 0.844
101000 0.868 0.850
102000 0.871 0.849
103000 0.868 0.839
104000 0.871 0.844
105000 0.866 0.847
106000 0.867 0.850
107000 0.868 0.847
108000 0.870 0.843
109000 0.866 0.846
