1000 0.466 0.760
2000 0.620 0.743
3000 0.664 0.765
4000 0.678 0.784
5000 0.703 0.801
6000 0.713 0.773
7000 0.735 0.795
8000 0.753 0.771
9000 0.766 0.804
10000 0.773 0.810
11000 0.779 0.799
12000 0.786 0.797
13000 0.793 0.811
14000 0.798 0.800
15000 0.805 0.813
16000 0.809 0.815
17000 0.807 0.810
18000 0.816 0.802
19000 0.820 0.818
20000 0.820 0.818
21000 0.824 0.813
22000 0.824 0.801
23000 0.827 0.815
24000 0.830 0.809
25000 0.832 0.815
26000 0.832 0.822
27000 0.829 0.819
28000 0.836 0.810
29000 0.835 0.820
30000 0.835 0.822
31000 0.836 0.816
32000 0.833 0.818
33000 0.836 0.820
34000 0.842 0.826
35000 0.840 0.822
36000 0.844 0.828
37000 0.841 0.826
38000 0.845 0.821
39000 0.841 0.830
40000 0.842 0.828
41000 0.841 0.827
42000 0.844 0.828
43000 0.846 0.824
44000 0.848 0.832
45000 0.847 0.828
46000 0.849 0.837
47000 0.847 0.833
48000 0.850 0.832
49000 0.851 0.829
50000 0.847 0.824
51000 0.847 0.834
52000 0.852 0.839
53000 0.851 0.829
54000 0.853 0.827
55000 0.852 0.822
56000 0.852 0.826
57000 0.852 0.828
58000 0.853 0.836
59000 0.856 0.836
60000 0.854 0.830
61000 0.855 0.837
62000 0.857 0.835
63000 0.858 0.834
64000 0.859 0.834
65000 0.859 0.834
66000 0.858 0.837
67000 0.858 0.828
68000 0.861 0.832
69000 0.862 0.836
70000 0.857 0.821
71000 0.861 0.843
72000 0.863 0.839
73000 0.860 0.839
74000 0.862 0.835
75000 0.862 0.837
76000 0.861 0.844
77000 0.863 0.837
78000 0.864 0.845
79000 0.864 0.838
80000 0.862 0.835
81000 0.863 0.840
82000 0.866 0.841
83000 0.863 0.841
84000 0.865 0.841
85000 0.865 0.842
86000 0.865 0.832
87000 0.865 0.832
88000 0.866 0.845
89000 0.866 0.837
90000 0.863 0.839
91000 0.866 0.843
92000 0.867 0.846
93000 0.864 0.837
94000 0.867 0.840
95000 0.866 0.839
96000 0.867 0.839
97000 0.866 0.846
98000 0.867 0.847
99000 0.867 0.844
100000 0.867 0.841
101000 0.868 0.843
102000 0.868 0.847
103000 0.868 0.833
104000 0.868 0.846
105000 0.867 0.838
106000 0.868 0.843
107000 0.869 0.843
108000 0.869 0.842
109000 0.869 0.845
