1000 0.564 0.770
2000 0.681 0.748
3000 0.707 0.778
4000 0.737 0.791
5000 0.767 0.811
6000 0.775 0.785
7000 0.787 0.799
8000 0.799 0.783
9000 0.811 0.814
10000 0.815 0.818
11000 0.815 0.808
12000 0.822 0.798
13000 0.825 0.818
14000 0.832 0.812
15000 0.837 0.824
16000 0.842 0.817
17000 0.839 0.818
18000 0.848 0.811
19000 0.850 0.827
20000 0.850 0.829
21000 0.851 0.823
22000 0.850 0.814
23000 0.855 0.822
24000 0.858 0.822
25000 0.856 0.827
26000 0.859 0.826
27000 0.855 0.831
28000 0.860 0.821
29000 0.862 0.832
30000 0.860 0.831
31000 0.860 0.823
32000 0.861 0.834
33000 0.858 0.829
34000 0.865 0.833
35000 0.863 0.832
36000 0.865 0.831
37000 0.864 0.838
38000 0.867 0.830
39000 0.867 0.839
40000 0.866 0.838
41000 0.863 0.836
42000 0.866 0.836
43000 0.865 0.834
44000 0.868 0.837
45000 0.867 0.841
46000 0.867 0.838
47000 0.867 0.840
48000 0.871 0.836
49000 0.870 0.838
50000 0.867 0.838
51000 0.867 0.842
52000 0.870 0.838
53000 0.868 0.837
54000 0.870 0.837
55000 0.871 0.840
56000 0.869 0.844
57000 0.871 0.840
58000 0.871 0.840
59000 0.871 0.844
60000 0.869 0.838
61000 0.871 0.843
62000 0.873 0.834
63000 0.870 0.841
64000 0.874 0.837
65000 0.875 0.846
66000 0.871 0.850
67000 0.874 0.843
68000 0.874 0.841
69000 0.874 0.847
70000 0.873 0.835
71000 0.875 0.845
72000 0.877 0.837
73000 0.873 0.842
74000 0.876 0.839
75000 0.876 0.844
76000 0.872 0.848
77000 0.876 0.848
78000 0.876 0.848
79000 0.875 0.847
80000 0.875 0.841
81000 0.877 0.842
82000 0.878 0.837
83000 0.875 0.844
84000 0.878 0.840
85000 0.877 0.846
86000 0.874 0.844
87000 0.878 0.848
88000 0.878 0.852
89000 0.877 0.846
90000 0.876 0.842
91000 0.878 0.845
92000 0.879 0.841
93000 0.876 0.845
94000 0.880 0.840
95000 0.878 0.837
96000 0.877 0.847
97000 0.876 0.848
98000 0.878 0.853
99000 0.879 0.849
100000 0.877 0.845
101000 0.878 0.843
102000 0.878 0.845
103000 0.878 0.844
104000 0.881 0.841
105000 0.877 0.841
106000 0.877 0.842
107000 0.877 0.849
108000 0.875 0.852
109000 0.878 0.849
