1000 0.517 0.776
2000 0.676 0.770
3000 0.724 0.790
4000 0.755 0.800
5000 0.785 0.816
6000 0.807 0.804
7000 0.805 0.809
8000 0.813 0.804
9000 0.832 0.819
10000 0.836 0.824
11000 0.838 0.819
12000 0.842 0.800
13000 0.842 0.825
14000 0.850 0.821
15000 0.850 0.829
16000 0.853 0.829
17000 0.848 0.822
18000 0.857 0.826
19000 0.863 0.832
20000 0.864 0.835
21000 0.862 0.835
22000 0.863 0.831
23000 0.863 0.830
24000 0.865 0.822
25000 0.862 0.836
26000 0.864 0.833
27000 0.860 0.838
28000 0.863 0.835
29000 0.870 0.834
30000 0.871 0.838
31000 0.867 0.836
32000 0.869 0.836
33000 0.866 0.834
34000 0.871 0.836
35000 0.869 0.840
36000 0.870 0.840
37000 0.869 0.840
38000 0.873 0.839
39000 0.872 0.841
40000 0.872 0.840
41000 0.870 0.841
42000 0.874 0.837
43000 0.869 0.838
44000 0.875 0.841
45000 0.872 0.845
46000 0.871 0.842
47000 0.871 0.841
48000 0.873 0.840
49000 0.874 0.838
50000 0.872 0.837
51000 0.874 0.845
52000 0.875 0.842
53000 0.870 0.837
54000 0.873 0.837
55000 0.874 0.841
56000 0.872 0.840
57000 0.875 0.842
58000 0.875 0.842
59000 0.873 0.844
60000 0.871 0.842
61000 0.876 0.847
62000 0.878 0.846
63000 0.872 0.838
64000 0.877 0.841
65000 0.876 0.846
66000 0.872 0.845
67000 0.876 0.840
68000 0.874 0.841
69000 0.875 0.845
70000 0.872 0.832
71000 0.876 0.847
72000 0.877 0.847
73000 0.872 0.841
74000 0.876 0.842
75000 0.875 0.848
76000 0.873 0.843
77000 0.876 0.842
78000 0.876 0.846
79000 0.876 0.845
80000 0.875 0.840
81000 0.876 0.845
82000 0.876 0.847
83000 0.871 0.839
84000 0.877 0.843
85000 0.876 0.848
86000 0.872 0.840
87000 0.878 0.841
88000 0.876 0.846
89000 0.877 0.835
90000 0.877 0.843
91000 0.876 0.847
92000 0.876 0.849
93000 0.872 0.837
94000 0.875 0.846
95000 0.877 0.847
96000 0.872 0.847
97000 0.876 0.850
98000 0.877 0.848
99000 0.877 0.848
100000 0.876 0.844
101000 0.875 0.846
102000 0.876 0.851
103000 0.873 0.842
104000 0.876 0.846
105000 0.877 0.847
106000 0.874 0.847
107000 0.876 0.850
108000 0.875 0.850
109000 0.877 0.850
