1000 0.549 0.775
2000 0.675 0.762
3000 0.712 0.783
4000 0.746 0.794
5000 0.775 0.813
6000 0.791 0.795
7000 0.797 0.804
8000 0.807 0.793
9000 0.819 0.816
10000 0.825 0.821
11000 0.827 0.815
12000 0.833 0.801
13000 0.834 0.824
14000 0.840 0.816
15000 0.843 0.826
16000 0.848 0.825
17000 0.844 0.823
18000 0.851 0.820
19000 0.854 0.830
20000 0.855 0.831
21000 0.854 0.829
22000 0.856 0.823
23000 0.857 0.829
24000 0.859 0.823
25000 0.857 0.831
26000 0.861 0.831
27000 0.856 0.834
28000 0.860 0.826
29000 0.864 0.834
30000 0.864 0.833
31000 0.862 0.832
32000 0.864 0.833
33000 0.863 0.833
34000 0.867 0.834
35000 0.865 0.838
36000 0.868 0.834
37000 0.866 0.839
38000 0.869 0.832
39000 0.869 0.840
40000 0.869 0.839
41000 0.865 0.838
42000 0.869 0.835
43000 0.868 0.838
44000 0.871 0.839
45000 0.869 0.843
46000 0.870 0.841
47000 0.869 0.841
48000 0.871 0.836
49000 0.871 0.839
50000 0.870 0.839
51000 0.869 0.842
52000 0.873 0.840
53000 0.870 0.838
54000 0.872 0.838
55000 0.872 0.838
56000 0.871 0.842
57000 0.872 0.839
58000 0.873 0.840
59000 0.872 0.844
60000 0.871 0.839
61000 0.873 0.844
62000 0.875 0.840
63000 0.872 0.839
64000 0.875 0.841
65000 0.874 0.845
66000 0.872 0.848
67000 0.875 0.840
68000 0.875 0.841
69000 0.875 0.845
70000 0.873 0.833
71000 0.875 0.846
72000 0.877 0.844
73000 0.874 0.843
74000 0.876 0.840
75000 0.874 0.844
76000 0.873 0.847
77000 0.876 0.845
78000 0.876 0.847
79000 0.873 0.845
80000 0.874 0.843
81000 0.876 0.844
82000 0.877 0.843
83000 0.873 0.842
84000 0.877 0.840
85000 0.875 0.846
86000 0.874 0.843
87000 0.877 0.844
88000 0.877 0.849
89000 0.876 0.842
90000 0.876 0.844
91000 0.877 0.847
92000 0.877 0.845
93000 0.874 0.843
94000 0.876 0.843
95000 0.877 0.841
96000 0.875 0.847
97000 0.876 0.849
98000 0.877 0.851
99000 0.876 0.846
100000 0.876 0.845
101000 0.877 0.845
102000 0.876 0.847
103000 0.876 0.845
104000 0.877 0.842
105000 0.876 0.843
106000 0.876 0.846
107000 0.876 0.847
108000 0.876 0.851
109000 0.877 0.848
