1000 0.568 0.770
2000 0.670 0.760
3000 0.702 0.774
4000 0.735 0.791
5000 0.763 0.809
6000 0.779 0.790
7000 0.789 0.799
8000 0.803 0.783
9000 0.810 0.813
10000 0.818 0.819
11000 0.821 0.811
12000 0.828 0.807
13000 0.831 0.825
14000 0.836 0.810
15000 0.840 0.819
16000 0.846 0.822
17000 0.843 0.822
18000 0.849 0.820
19000 0.850 0.828
20000 0.850 0.831
21000 0.852 0.824
22000 0.852 0.821
23000 0.853 0.829
24000 0.855 0.823
25000 0.854 0.829
26000 0.860 0.828
27000 0.854 0.831
28000 0.857 0.820
29000 0.859 0.832
30000 0.861 0.831
31000 0.859 0.830
32000 0.859 0.831
33000 0.859 0.835
34000 0.865 0.835
35000 0.864 0.839
36000 0.868 0.831
37000 0.865 0.836
38000 0.867 0.829
39000 0.867 0.839
40000 0.868 0.839
41000 0.862 0.837
42000 0.867 0.835
43000 0.867 0.838
44000 0.869 0.838
45000 0.868 0.841
46000 0.870 0.842
47000 0.869 0.842
48000 0.869 0.836
49000 0.871 0.842
50000 0.870 0.840
51000 0.867 0.839
52000 0.872 0.840
53000 0.870 0.838
54000 0.871 0.838
55000 0.872 0.837
56000 0.873 0.843
57000 0.872 0.840
58000 0.871 0.837
59000 0.871 0.844
60000 0.872 0.837
61000 0.873 0.841
62000 0.873 0.837
63000 0.872 0.840
64000 0.873 0.843
65000 0.873 0.844
66000 0.873 0.849
67000 0.874 0.835
68000 0.875 0.838
69000 0.875 0.844
70000 0.874 0.831
71000 0.876 0.843
72000 0.876 0.842
73000 0.875 0.844
74000 0.875 0.841
75000 0.874 0.841
76000 0.874 0.849
77000 0.876 0.846
78000 0.876 0.846
79000 0.871 0.845
80000 0.875 0.846
81000 0.876 0.842
82000 0.877 0.842
83000 0.872 0.841
84000 0.877 0.841
85000 0.875 0.845
86000 0.876 0.843
87000 0.877 0.844
88000 0.878 0.850
89000 0.876 0.843
90000 0.877 0.848
91000 0.878 0.846
92000 0.878 0.845
93000 0.875 0.845
94000 0.876 0.846
95000 0.876 0.841
96000 0.878 0.848
97000 0.876 0.849
98000 0.878 0.852
99000 0.876 0.844
100000 0.877 0.850
101000 0.878 0.845
102000 0.877 0.846
103000 0.877 0.845
104000 0.877 0.843
105000 0.876 0.845
106000 0.877 0.847
107000 0.876 0.846
108000 0.878 0.853
109000 0.877 0.847
