1000 0.549 0.783
2000 0.675 0.769
3000 0.714 0.789
4000 0.758 0.796
5000 0.784 0.815
6000 0.803 0.799
7000 0.806 0.809
8000 0.815 0.802
9000 0.824 0.819
10000 0.830 0.824
11000 0.833 0.821
12000 0.838 0.800
13000 0.837 0.828
14000 0.842 0.821
15000 0.843 0.832
16000 0.849 0.831
17000 0.844 0.828
18000 0.849 0.825
19000 0.853 0.834
20000 0.854 0.831
21000 0.853 0.834
22000 0.857 0.828
23000 0.856 0.834
24000 0.859 0.824
25000 0.855 0.833
26000 0.862 0.836
27000 0.856 0.836
28000 0.862 0.827
29000 0.865 0.837
30000 0.864 0.833
31000 0.861 0.837
32000 0.866 0.830
33000 0.867 0.832
34000 0.869 0.833
35000 0.866 0.840
36000 0.870 0.835
37000 0.865 0.840
38000 0.869 0.831
39000 0.868 0.840
40000 0.870 0.839
41000 0.863 0.839
42000 0.869 0.834
43000 0.870 0.841
44000 0.872 0.840
45000 0.868 0.843
46000 0.870 0.841
47000 0.868 0.840
48000 0.872 0.834
49000 0.870 0.839
50000 0.871 0.839
51000 0.870 0.843
52000 0.874 0.841
53000 0.874 0.839
54000 0.874 0.839
55000 0.872 0.835
56000 0.872 0.840
57000 0.872 0.834
58000 0.874 0.842
59000 0.873 0.843
60000 0.870 0.841
61000 0.873 0.845
62000 0.877 0.843
63000 0.874 0.839
64000 0.876 0.841
65000 0.873 0.843
66000 0.870 0.847
67000 0.875 0.841
68000 0.875 0.842
69000 0.874 0.843
70000 0.871 0.836
71000 0.875 0.848
72000 0.877 0.849
73000 0.875 0.845
74000 0.876 0.839
75000 0.873 0.842
76000 0.874 0.849
77000 0.876 0.844
78000 0.877 0.850
79000 0.871 0.843
80000 0.871 0.843
81000 0.876 0.847
82000 0.877 0.848
83000 0.874 0.846
84000 0.876 0.837
85000 0.874 0.845
86000 0.873 0.845
87000 0.875 0.842
88000 0.876 0.848
89000 0.874 0.842
90000 0.872 0.844
91000 0.877 0.849
92000 0.876 0.847
93000 0.875 0.847
94000 0.874 0.840
95000 0.876 0.838
96000 0.874 0.848
97000 0.875 0.848
98000 0.876 0.849
99000 0.873 0.843
100000 0.874 0.843
101000 0.876 0.845
102000 0.874 0.847
103000 0.875 0.848
104000 0.876 0.838
105000 0.875 0.841
106000 0.875 0.849
107000 0.876 0.845
108000 0.875 0.849
109000 0.874 0.847
