1000 0.322 0.733
2000 0.491 0.737
3000 0.538 0.760
4000 0.621 0.774
5000 0.657 0.789
6000 0.670 0.769
7000 0.680 0.788
8000 0.693 0.766
9000 0.699 0.791
10000 0.704 0.799
11000 0.711 0.790
12000 0.719 0.787
13000 0.729 0.799
14000 0.737 0.791
15000 0.747 0.803
16000 0.754 0.803
17000 0.746 0.799
18000 0.764 0.787
19000 0.769 0.806
20000 0.769 0.810
21000 0.774 0.802
22000 0.777 0.788
23000 0.785 0.808
24000 0.785 0.803
25000 0.789 0.815
26000 0.791 0.806
27000 0.783 0.809
28000 0.798 0.793
29000 0.794 0.816
30000 0.802 0.811
31000 0.806 0.805
32000 0.802 0.815
33000 0.807 0.815
34000 0.811 0.815
35000 0.812 0.814
36000 0.818 0.805
37000 0.818 0.818
38000 0.823 0.811
39000 0.818 0.820
40000 0.824 0.817
41000 0.822 0.812
42000 0.824 0.819
43000 0.825 0.816
44000 0.829 0.819
45000 0.829 0.821
46000 0.830 0.817
47000 0.830 0.827
48000 0.834 0.821
49000 0.832 0.824
50000 0.833 0.817
51000 0.834 0.821
52000 0.838 0.823
53000 0.837 0.819
54000 0.838 0.818
55000 0.840 0.813
56000 0.838 0.813
57000 0.842 0.820
58000 0.843 0.826
59000 0.844 0.829
60000 0.843 0.823
61000 0.845 0.826
62000 0.846 0.820
63000 0.846 0.824
64000 0.846 0.828
65000 0.848 0.825
66000 0.846 0.827
67000 0.848 0.816
68000 0.851 0.819
69000 0.849 0.832
70000 0.848 0.817
71000 0.850 0.830
72000 0.852 0.826
73000 0.848 0.829
74000 0.852 0.822
75000 0.852 0.829
76000 0.851 0.831
77000 0.852 0.828
78000 0.854 0.831
79000 0.853 0.834
80000 0.851 0.825
81000 0.853 0.830
82000 0.855 0.826
83000 0.852 0.833
84000 0.856 0.824
85000 0.856 0.835
86000 0.855 0.816
87000 0.857 0.826
88000 0.860 0.838
89000 0.859 0.833
90000 0.858 0.832
91000 0.860 0.833
92000 0.861 0.834
93000 0.859 0.831
94000 0.862 0.829
95000 0.862 0.831
96000 0.860 0.835
97000 0.861 0.837
98000 0.863 0.841
99000 0.862 0.838
100000 0.862 0.828
101000 0.863 0.833
102000 0.863 0.836
103000 0.863 0.832
104000 0.864 0.831
105000 0.864 0.833
106000 0.863 0.839
107000 0.863 0.835
108000 0.864 0.839
109000 0.866 0.840
