1000 0.000 0.164
2000 0.000 0.164
3000 0.000 0.164
4000 0.000 0.164
5000 0.000 0.164
6000 0.000 0.164
7000 0.000 0.164
8000 0.000 0.164
9000 0.000 0.164
10000 0.000 0.164
11000 0.000 0.164
12000 0.000 0.164
13000 0.001 0.164
14000 0.001 0.164
15000 0.001 0.164
16000 0.001 0.164
17000 0.001 0.164
18000 0.001 0.164
19000 0.001 0.164
20000 0.001 0.164
21000 0.001 0.164
22000 0.001 0.164
23000 0.001 0.164
24000 0.001 0.164
25000 0.001 0.164
26000 0.001 0.164
27000 0.001 0.164
28000 0.001 0.164
29000 0.001 0.164
30000 0.001 0.164
31000 0.005 0.164
32000 0.005 0.164
33000 0.005 0.164
34000 0.003 0.164
35000 0.003 0.164
36000 0.002 0.164
37000 0.004 0.164
38000 0.004 0.164
39000 0.004 0.164
40000 0.004 0.164
41000 0.004 0.164
42000 0.004 0.164
43000 0.003 0.164
44000 0.004 0.164
45000 0.004 0.164
46000 0.003 0.164
47000 0.004 0.164
48000 0.004 0.164
49000 0.004 0.164
50000 0.004 0.165
51000 0.004 0.167
52000 0.037 0.170
53000 0.181 0.634
54000 0.268 0.723
55000 0.286 0.731
56000 0.331 0.728
57000 0.335 0.723
58000 0.444 0.797
59000 0.473 0.806
60000 0.511 0.808
61000 0.518 0.814
62000 0.528 0.812
63000 0.588 0.811
64000 0.607 0.813
65000 0.627 0.817
66000 0.632 0.823
67000 0.633 0.790
68000 0.660 0.814
69000 0.668 0.822
70000 0.669 0.820
71000 0.702 0.815
72000 0.707 0.821
73000 0.719 0.825
74000 0.724 0.823
75000 0.733 0.823
76000 0.729 0.831
77000 0.736 0.822
78000 0.730 0.829
79000 0.741 0.820
80000 0.740 0.834
81000 0.766 0.826
82000 0.793 0.825
83000 0.790 0.813
84000 0.802 0.827
85000 0.795 0.829
86000 0.801 0.830
87000 0.798 0.820
88000 0.796 0.825
89000 0.799 0.830
90000 0.804 0.831
91000 0.802 0.831
92000 0.798 0.834
93000 0.796 0.833
94000 0.806 0.833
95000 0.805 0.836
96000 0.804 0.835
97000 0.808 0.836
98000 0.804 0.832
99000 0.804 0.831
100000 0.809 0.831
101000 0.810 0.832
102000 0.814 0.831
103000 0.813 0.833
104000 0.812 0.830
105000 0.814 0.827
106000 0.816 0.840
107000 0.814 0.828
108000 0.811 0.837
109000 0.816 0.832
