1000 0.375 0.730
2000 0.495 0.739
3000 0.535 0.755
4000 0.611 0.773
5000 0.656 0.790
6000 0.671 0.771
7000 0.684 0.786
8000 0.695 0.767
9000 0.711 0.791
10000 0.715 0.799
11000 0.713 0.790
12000 0.722 0.783
13000 0.735 0.802
14000 0.740 0.792
15000 0.751 0.807
16000 0.753 0.804
17000 0.754 0.797
18000 0.771 0.788
19000 0.773 0.809
20000 0.772 0.811
21000 0.777 0.806
22000 0.779 0.793
23000 0.783 0.810
24000 0.785 0.805
25000 0.791 0.814
26000 0.796 0.808
27000 0.792 0.803
28000 0.800 0.796
29000 0.800 0.818
30000 0.804 0.811
31000 0.807 0.807
32000 0.803 0.815
33000 0.806 0.819
34000 0.810 0.817
35000 0.813 0.817
36000 0.817 0.812
37000 0.816 0.815
38000 0.821 0.814
39000 0.816 0.823
40000 0.821 0.819
41000 0.820 0.817
42000 0.821 0.822
43000 0.824 0.816
44000 0.828 0.823
45000 0.827 0.820
46000 0.829 0.824
47000 0.828 0.826
48000 0.833 0.821
49000 0.831 0.824
50000 0.831 0.817
51000 0.832 0.822
52000 0.832 0.827
53000 0.834 0.822
54000 0.836 0.820
55000 0.834 0.814
56000 0.836 0.814
57000 0.836 0.820
58000 0.839 0.826
59000 0.840 0.830
60000 0.839 0.820
61000 0.840 0.827
62000 0.842 0.824
63000 0.842 0.826
64000 0.843 0.827
65000 0.843 0.827
66000 0.844 0.831
67000 0.845 0.819
68000 0.846 0.824
69000 0.847 0.833
70000 0.845 0.816
71000 0.846 0.831
72000 0.847 0.829
73000 0.846 0.832
74000 0.849 0.822
75000 0.847 0.829
76000 0.850 0.833
77000 0.851 0.832
78000 0.850 0.838
79000 0.851 0.835
80000 0.849 0.823
81000 0.851 0.832
82000 0.851 0.831
83000 0.851 0.835
84000 0.853 0.828
85000 0.853 0.836
86000 0.852 0.823
87000 0.853 0.824
88000 0.854 0.840
89000 0.854 0.832
90000 0.854 0.828
91000 0.855 0.835
92000 0.856 0.835
93000 0.855 0.834
94000 0.857 0.831
95000 0.856 0.829
96000 0.857 0.830
97000 0.855 0.839
98000 0.856 0.841
99000 0.858 0.836
100000 0.858 0.836
101000 0.857 0.835
102000 0.859 0.836
103000 0.859 0.833
104000 0.860 0.833
105000 0.861 0.831
106000 0.862 0.833
107000 0.861 0.836
108000 0.862 0.842
109000 0.862 0.841
