1000 0.009 0.384
2000 0.204 0.757
3000 0.274 0.787
4000 0.302 0.767
5000 0.319 0.809
6000 0.376 0.811
7000 0.395 0.816
8000 0.430 0.812
9000 0.440 0.824
10000 0.458 0.807
11000 0.462 0.814
12000 0.572 0.813
13000 0.635 0.818
14000 0.664 0.810
15000 0.660 0.818
16000 0.672 0.828
17000 0.667 0.825
18000 0.675 0.802
19000 0.675 0.823
20000 0.685 0.827
21000 0.698 0.824
22000 0.707 0.820
23000 0.711 0.831
24000 0.737 0.825
25000 0.738 0.817
26000 0.721 0.829
27000 0.742 0.834
28000 0.734 0.829
29000 0.740 0.830
30000 0.743 0.828
31000 0.739 0.832
32000 0.740 0.821
33000 0.744 0.825
34000 0.754 0.829
35000 0.748 0.829
36000 0.749 0.826
37000 0.744 0.834
38000 0.751 0.830
39000 0.754 0.835
40000 0.755 0.837
41000 0.746 0.834
42000 0.756 0.837
43000 0.752 0.837
44000 0.760 0.835
45000 0.754 0.838
46000 0.752 0.838
47000 0.756 0.842
48000 0.751 0.830
49000 0.749 0.833
50000 0.760 0.838
51000 0.751 0.830
52000 0.759 0.838
53000 0.760 0.832
54000 0.759 0.835
55000 0.761 0.838
56000 0.756 0.839
57000 0.757 0.835
58000 0.764 0.833
59000 0.757 0.836
60000 0.756 0.821
61000 0.760 0.837
62000 0.785 0.831
63000 0.789 0.834
64000 0.794 0.838
65000 0.801 0.840
66000 0.797 0.836
67000 0.801 0.836
68000 0.796 0.840
69000 0.803 0.834
70000 0.818 0.835
71000 0.819 0.832
72000 0.822 0.840
73000 0.825 0.842
74000 0.828 0.838
75000 0.825 0.838
76000 0.829 0.845
77000 0.833 0.838
78000 0.824 0.835
79000 0.831 0.842
80000 0.824 0.842
81000 0.832 0.843
82000 0.827 0.829
83000 0.826 0.844
84000 0.825 0.840
85000 0.835 0.843
86000 0.832 0.842
87000 0.831 0.841
88000 0.830 0.838
89000 0.827 0.843
90000 0.828 0.838
91000 0.834 0.838
92000 0.829 0.841
93000 0.835 0.842
94000 0.829 0.842
95000 0.836 0.846
96000 0.833 0.845
97000 0.829 0.843
98000 0.833 0.836
99000 0.831 0.839
100000 0.830 0.839
101000 0.834 0.838
102000 0.834 0.842
103000 0.830 0.832
104000 0.830 0.841
105000 0.833 0.846
106000 0.834 0.837
107000 0.835 0.848
108000 0.831 0.845
109000 0.832 0.850
