1000 0.452 0.762
2000 0.628 0.745
3000 0.665 0.766
4000 0.683 0.784
5000 0.704 0.800
6000 0.718 0.772
7000 0.732 0.795
8000 0.750 0.773
9000 0.768 0.805
10000 0.772 0.811
11000 0.785 0.801
12000 0.790 0.798
13000 0.802 0.813
14000 0.807 0.803
15000 0.814 0.815
16000 0.817 0.813
17000 0.814 0.813
18000 0.826 0.806
19000 0.824 0.821
20000 0.823 0.824
21000 0.829 0.813
22000 0.830 0.807
23000 0.832 0.817
24000 0.834 0.814
25000 0.838 0.820
26000 0.840 0.820
27000 0.836 0.817
28000 0.844 0.814
29000 0.842 0.827
30000 0.843 0.830
31000 0.845 0.818
32000 0.844 0.827
33000 0.844 0.822
34000 0.849 0.826
35000 0.850 0.826
36000 0.852 0.825
37000 0.852 0.825
38000 0.853 0.818
39000 0.852 0.833
40000 0.854 0.834
41000 0.851 0.829
42000 0.853 0.830
43000 0.856 0.824
44000 0.857 0.831
45000 0.858 0.830
46000 0.861 0.838
47000 0.860 0.835
48000 0.863 0.832
49000 0.862 0.830
50000 0.861 0.831
51000 0.860 0.833
52000 0.863 0.834
53000 0.864 0.826
54000 0.863 0.831
55000 0.864 0.830
56000 0.865 0.829
57000 0.865 0.836
58000 0.865 0.834
59000 0.866 0.839
60000 0.865 0.832
61000 0.866 0.838
62000 0.866 0.830
63000 0.866 0.826
64000 0.868 0.837
65000 0.868 0.838
66000 0.868 0.839
67000 0.868 0.831
68000 0.867 0.828
69000 0.870 0.839
70000 0.865 0.823
71000 0.869 0.840
72000 0.871 0.834
73000 0.867 0.837
74000 0.870 0.834
75000 0.869 0.835
76000 0.871 0.842
77000 0.869 0.840
78000 0.871 0.842
79000 0.869 0.841
80000 0.868 0.836
81000 0.871 0.839
82000 0.874 0.837
83000 0.868 0.840
84000 0.872 0.839
85000 0.872 0.842
86000 0.871 0.835
87000 0.871 0.836
88000 0.874 0.846
89000 0.872 0.837
90000 0.872 0.840
91000 0.873 0.845
92000 0.874 0.841
93000 0.872 0.839
94000 0.874 0.841
95000 0.874 0.840
96000 0.874 0.841
97000 0.873 0.843
98000 0.875 0.845
99000 0.875 0.842
100000 0.875 0.844
101000 0.875 0.839
102000 0.875 0.837
103000 0.873 0.839
104000 0.877 0.843
105000 0.873 0.844
106000 0.876 0.843
107000 0.877 0.844
108000 0.875 0.840
109000 0.876 0.842
