   0.2

    0.3526878465213656      0.6821612513517
    0.435050731501227      0.722322541582564
    0.47456610767752616      0.7404618644340046
    0.54348463063787456      0.746125820372208
    0.5888284873222351      0.7458275858074455
    0.611844315676463      0.750301527055665
    0.62463450035585      0.7552281725075467
    0.63365655216588412      0.7557207007632
    0.640533778886562      0.7630303801571348
    0.64614626344465      0.7658105768150568
    0.6501056035515456      0.7668561762718
    0.653423384871178      0.76765040578386812
    0.6570818586332134      0.768767278678454
    0.6620580158476121      0.761208083650755
    0.66618058153203      0.770246604834240
    0.673676176776427      0.77201147506354217
    0.6832303257855033      0.7730676715271323
    0.70228206578400443      0.77410342548363575
    0.70413552022786585      0.7757251812201457
    0.7045322071780475      0.7772720148821482



   0.4

    0.4122300736611858      0.68753620028210671
    0.54424781776181752      0.70137121557202
    0.58516008417524      0.72313342827744576
    0.624845823867278      0.71714377218864356
    0.640613432033817      0.7267662058015855
    0.6500787036721565      0.73404728181277
    0.65511437585603016      0.7362575211406477
    0.65668163512841304      0.74217222135152261
    0.66247368026548015      0.74574660500517
    0.6651652777115288      0.747137518270127
    0.666882621115003      0.74885862634605
    0.670111784640856      0.754158347687666
    0.6741463547535758      0.7600117203736814
    0.676054322562144      0.76526544602154645
    0.67884131840575657      0.768751864678251
    0.6775547620832286      0.77411705382513474
    0.6764454447268535      0.771050268137613
    0.6772051742587888      0.7832412284587027
    0.676783438834103      0.7850878687318146
    0.6788276006425758      0.78656654378445412


   0.6

    0.41624362023263578      0.71808112516433
    0.475581411120027      0.74162027352081383
    0.53853754267374432      0.746144882884756
    0.5684865726765377      0.7612246427670845
    0.585868772670628      0.7677117333206136
    0.50468337556124      0.771234655810023
    0.603700417708667      0.77504378104706551
    0.616566611261616      0.778600778178265
    0.6211661771820677      0.7837754747124
    0.622571530346084      0.7836353055814871
    0.62642671700067465      0.7815172432508156
    0.624854577282177      0.7815104208833213
    0.631482831667664      0.78343088045002
    0.6343038838708578      0.7844606502286156
    0.6367638140276512      0.782206243347664
    0.6353812732541      0.78385450382615685
    0.637622354208777      0.7843114280457643
    0.6381811615435458      0.7842156548758785
    0.641233100331773      0.78454273507185546
    0.64256487506217      0.783257418246863


   0.8

    0.4248620130423226      0.728652065845331
    0.572656056164433      0.7608074840037341
    0.6217501003727352      0.771800235770307
    0.635808301227231      0.7561887058322487
    0.6441356224404273      0.7740761688006377
    0.645335700121736      0.78503335536581875
    0.6572676538128622      0.781737262745
    0.658161536731787      0.785217337760547
    0.6700510381381365      0.782513270575343
    0.6701848684524335      0.786886808068018
    0.68046052148843      0.7876704344587167
    0.6854168432672586      0.7880732203086
    0.704421715334451      0.7881815022520833
    0.7311468307884673      0.78858353832630335
    0.7376544261446103      0.786477556471078
    0.734387516431      0.7824451288003
    0.73872326577525      0.7880452188370366
    0.74188602618004407      0.706277855115054
    0.7454770416502561      0.781082247401416
    0.74837300430865      0.78505562217535


   1.0

    0.421763085372321      0.67157854804811
    0.587130232455347      0.6127718002357708
    0.63015406840064603      0.7467043204267
    0.65858602382704      0.7652858885337487
    0.6730083882441262      0.7718411207480482
    0.67833706770242      0.7664034125367112
    0.601372687440805      0.771451183825888
    0.683117428604525      0.770164425401848
    0.70534162845052573      0.78065865774464571
    0.7043277820555622      0.785315505372741
    0.71360040338084      0.784065743113103
    0.72275864888622376      0.78167361863182
    0.72320137188161      0.78771813864111806
    0.72581821155274506      0.7862462777522806
    0.7287346766335270      0.7857624716360142
    0.728036312170704      0.78817432630283
    0.7313308756808306      0.70483203061025
    0.728726431486205      0.72370314337664
    0.7302512173516042      0.788520246030741
    0.7355352104151875      0.78371822041116701

       1.2

0.37942665567313788 0.67759432515859985
0.52006432577187522 0.75943251585998239
0.63422894250884143 0.77819874210407969
0.68106955224084009 0.77537767541379055
0.70226843744250544 0.77905051344776599
0.70889181141101032 0.77999086901119563
0.71113367358759272 0.78065865774464571
0.72288130395971462 0.78347972443493485
0.73403610147663079 0.78456999175485342
0.74053000620089537 0.78305724584846648
0.74321478947619468 0.7708394376946297
0.74441408352810501 0.78402485809489419
0.74530673989628837 0.78097210959912233
0.74460488030909078 0.78519008129305701
0.7463765647039583 0.78676415473618933
0.7485843560267933 0.78469946099909371
0.74647877726520073 0.78582379917275968
0.74995400434744097 0.78594645424625054
0.74599497114198687 0.78716619081040928
0.74569514762900924 0.78623264941772908

   1.4

0.46475370179825964 0.69690568506265627
0.6060319039474491 0.73939203968573042
0.64977888015917906 0.76793660095534677
0.67536609132351644 0.78046104679291051
0.70078976238986601 0.7800998957431875
0.7191471383889938 0.77532316204779461
0.72029873324565763 0.77986139976695534
0.72615892009021965 0.78972831901221785
0.72894591592676128 0.79558850585677976
0.74153850347182004 0.79770771295987131
0.74215177883927419 0.79312177604546419
0.74007345676067948 0.78823601561807932
0.73943292471022737 0.79168398601732159
0.74449585357709891 0.79165672933432363
0.7410410690071072 0.79729886271490191
0.74357594052591769 0.79460726526885306
0.74221310637601956 0.79555443500303236
0.74562700592151443 0.79067548874639704
0.7487819669785285 0.79132283496759859
0.74581780270250009 0.79299912097197334

   1.6

0.41898291687393102 0.71824085367931145
0.58428107091507497 0.72358997771766165
0.66007509216165938 0.74092522810436579
0.68155335836405384 0.77081899518238128
0.69172010112229387 0.77989547062070286
0.69839798845679479 0.78144910155158664
0.7181999686548145 0.77004899388768888
0.72254740959298958 0.77646112856295957
0.72975680224595063 0.7905392053314072
0.73335468440168172 0.79144549004108944
0.73923531375849216 0.78773176698261704
0.73781115207184866 0.79156814511458029
0.73785203709634561 0.79402124658439688
0.73983496078444733 0.79410301663339078
0.7442641717716163 0.79344204207069025
0.74025062520016627 0.79802116481434793
0.74137496337383224 0.79476399119609142
0.73594406928648815 0.79354425463193257
0.74430505679611325 0.7984913425960628
0.74651284811894814 0.79852541344981021

   1.8

0.45937050690616205 0.68306610427044079
0.59512241657751463 0.76127234196234495
0.66140385545781011 0.77200466089279263
0.69107275490109232 0.75857393034554654
0.71609438989322194 0.76903368244601478
0.72145032810232157 0.78170804004006733
0.72748086921562083 0.78583061334350912
0.74669001655843492 0.79186796862755782
0.73911947285575086 0.77885971666678022
0.73862885256178745 0.78918999952300806
0.74581780270250009 0.77991591313295128
0.74057770539614176 0.78628716278372501
0.74791656729334322 0.78323441428795326
0.74218584969302159 0.78596689675849896
0.75067630644688699 0.78985097408570859
0.74799152317158768 0.78090396789162742
0.75451268457885012 0.78750689934788387
0.75005621690868329 0.78418158402213245
0.75275462852548158 0.78832459983782277
0.75636613902271166 0.79077088713688992

   2.0

0.42510204220697362 0.65503941997778581
0.57709212077436234 0.74352142715992176
0.66256907865597292 0.76451588723910247
0.68238468719549172 0.77678820875893506
0.69550878005901073 0.76656695263469909
0.72739228499587738 0.76258747691699658
0.72252696708074116 0.78302998916546851
0.73818593146307065 0.77738104161414079
0.74745320368237789 0.78056325935415294
0.75145312191232883 0.7686452747132938
0.75471029553058544 0.78593964007550099
0.75936437415248748 0.7850401695365683
0.75621622726622284 0.79222230550653139
0.75613445721722894 0.78503335536581875
0.76408659448188454 0.78183750928430762
0.75864888622379101 0.78285282072598172
0.75360639986916789 0.77574564063426299
0.7588601255170252 0.78705716407841753
0.75943933003073194 0.7794934345464829
0.75956879927497223 0.78820194476433192

   2.2

0.42777319714077394 0.71368898761865174
0.61468590079930219 0.7197535995856984
0.65047392557562711 0.77275421967523661
0.67820078635530445 0.77937759364374148
0.68722956259837964 0.78601459595374545
0.71138579790532386 0.79378275060816472
0.72031917575790616 0.79295823594747639
0.72018970651366587 0.78407937146089002
0.73229848793551067 0.78841318405756611
0.73867655175703395 0.79171805687106911
0.737163805850647 0.79083902884438473
0.73752495690037001 0.78777265200711399
0.74129319332483834 0.78983734574420961
0.74979727842020261 0.79149318923633594
0.74054363454239436 0.79362602468092647
0.73837672824405631 0.78329574182469863
0.7387992068305248 0.79378956477891427
0.74739869031638195 0.78744557181113839
0.75051958051964862 0.79200425204254765
0.7582400359788215 0.78989867328095509

   2.4

0.21530735317165578 0.64661710493141533
0.54462941132378895 0.76305765469871145
0.63585752931796968 0.75729968041539186
0.67922972613847754 0.77632484514796973
0.69388700742063192 0.7795752045954768
0.70900083814300219 0.77997042649894721
0.72401245630413003 0.79419160085313423
0.72459847498858632 0.79759868622787955
0.72900042929275721 0.79277425333724016
0.73126954815233758 0.79825284661983065
0.73460849181958798 0.79540452324654354
0.73439043835560436 0.7954317799295415
0.73338875525542924 0.79835505918107297
0.73766805448610928 0.79197699535954968
0.73856071085429253 0.79409620246264134
0.74204956627803176 0.7943687692926209
0.74424372925936777 0.79008265589119131
0.74823001914781984 0.79417797251163524
0.75100338664286248 0.78397034472889826
0.74966780917596232 0.79222911967728082

   2.6

0.27788869733497784 0.65565269534523996
0.50612253241841731 0.71163110805230556
0.59343931640239045 0.74585868772699704
0.61924458103071145 0.75439002950535938
0.67898441599149595 0.75080577569112728
0.70716101204063975 0.77202510340504116
0.72484378513556791 0.78657335795520367
0.73319114430369392 0.79038247940416895
0.74109558237310313 0.78771132447036862
0.73538530728502993 0.79156133094383074
0.75285002691597447 0.79211327877453952
0.75016524364067516 0.79459363692735407
0.75010391610392968 0.79185434028605883
0.74952471159022305 0.79145911838258842
0.74987904846919651 0.79765319959387537
0.75768808814811284 0.79604505529699565
0.75063542142239004 0.78424972572962737
0.76420243538462584 0.79636532132222171
0.76406615196963601 0.79058009035590415
0.75573923531375853 0.7973942611053948

   2.8

0.027420223095950338 0.034759084993151758
0.22018629942829107 0.45697191880234134
0.54554932437497017 0.72425095228036229
0.61687324960988876 0.70049675304763792
0.62954760720394132 0.7181318269473197
0.68851062669928387 0.7872002616641568
0.6961901971339598 0.75000170354268736
0.69174735780529184 0.77654971278270291
0.7206871409783786 0.78546946229378611
0.72333103922918096 0.77007625057068685
0.72797830368033367 0.78012033825543603
0.73888779105026814 0.77954113374172929
0.741204609105095 0.78399760141189623
0.74411426001512748 0.78818831642283294
0.73951469475922127 0.7887538925950407
0.75391985172364451 0.79468222114709752
0.75167117537631256 0.79066867457564749
0.74233576144951041 0.78640300368646643
0.75024019951891951 0.78810654637383903
0.75178701627905387 0.79174531355406708

