1000 0.214 0.579
2000 0.344 0.659
3000 0.451 0.710
4000 0.545 0.722
5000 0.609 0.742
6000 0.609 0.744
7000 0.644 0.751
8000 0.659 0.753
9000 0.676 0.766
10000 0.685 0.768
11000 0.697 0.762
12000 0.698 0.762
13000 0.708 0.777
14000 0.715 0.773
15000 0.715 0.786
16000 0.717 0.781
17000 0.723 0.779
18000 0.729 0.776
19000 0.733 0.782
20000 0.733 0.785
21000 0.740 0.782
22000 0.737 0.774
23000 0.748 0.787
24000 0.749 0.786
25000 0.753 0.793
26000 0.758 0.787
27000 0.756 0.788
28000 0.758 0.780
29000 0.758 0.790
30000 0.764 0.789
31000 0.768 0.785
32000 0.768 0.788
33000 0.777 0.795
34000 0.777 0.792
35000 0.777 0.795
36000 0.782 0.787
37000 0.782 0.795
38000 0.782 0.788
39000 0.782 0.795
40000 0.788 0.795
41000 0.787 0.791
42000 0.787 0.794
43000 0.792 0.797
44000 0.790 0.797
45000 0.791 0.800
46000 0.794 0.792
47000 0.794 0.800
48000 0.792 0.795
49000 0.793 0.802
50000 0.794 0.795
51000 0.798 0.799
52000 0.796 0.799
53000 0.800 0.800
54000 0.795 0.800
55000 0.796 0.799
56000 0.801 0.791
57000 0.801 0.801
58000 0.802 0.797
59000 0.801 0.807
60000 0.801 0.797
61000 0.805 0.800
62000 0.801 0.801
63000 0.806 0.802
64000 0.804 0.804
65000 0.801 0.800
66000 0.808 0.797
67000 0.805 0.800
68000 0.807 0.795
69000 0.807 0.807
70000 0.806 0.796
71000 0.809 0.801
72000 0.807 0.803
73000 0.811 0.806
74000 0.809 0.804
75000 0.808 0.802
76000 0.811 0.801
77000 0.809 0.804
78000 0.811 0.803
79000 0.813 0.811
80000 0.810 0.799
81000 0.815 0.802
82000 0.813 0.805
83000 0.816 0.807
84000 0.811 0.805
85000 0.814 0.805
86000 0.814 0.798
87000 0.815 0.802
88000 0.817 0.808
89000 0.814 0.807
90000 0.815 0.801
91000 0.817 0.806
92000 0.818 0.808
93000 0.820 0.810
94000 0.810 0.806
95000 0.816 0.804
96000 0.819 0.805
97000 0.819 0.810
98000 0.818 0.811
99000 0.819 0.810
100000 0.820 0.806
101000 0.819 0.805
102000 0.819 0.809
103000 0.823 0.811
104000 0.817 0.808
105000 0.818 0.804
106000 0.819 0.805
107000 0.819 0.807
108000 0.823 0.813
109000 0.825 0.815
