1000 0.001 0.455
2000 0.199 0.614
3000 0.192 0.583
4000 0.200 0.652
5000 0.210 0.697
6000 0.235 0.647
7000 0.265 0.711
8000 0.274 0.699
9000 0.312 0.679
10000 0.291 0.675
11000 0.336 0.708
12000 0.310 0.712
13000 0.267 0.671
14000 0.268 0.698
15000 0.317 0.714
16000 0.317 0.712
17000 0.341 0.684
18000 0.323 0.707
19000 0.337 0.692
20000 0.345 0.711
21000 0.360 0.704
22000 0.369 0.699
23000 0.359 0.697
24000 0.372 0.704
25000 0.382 0.712
26000 0.392 0.714
27000 0.386 0.720
28000 0.390 0.721
29000 0.394 0.721
30000 0.389 0.719
31000 0.387 0.722
32000 0.385 0.725
33000 0.386 0.728
34000 0.389 0.728
35000 0.393 0.723
36000 0.398 0.728
37000 0.414 0.729
38000 0.408 0.710
39000 0.419 0.727
40000 0.410 0.729
41000 0.404 0.728
42000 0.405 0.720
43000 0.406 0.732
44000 0.418 0.723
45000 0.429 0.731
46000 0.445 0.731
47000 0.422 0.734
48000 0.421 0.728
49000 0.419 0.736
50000 0.440 0.726
51000 0.410 0.728
52000 0.437 0.736
53000 0.420 0.725
54000 0.434 0.716
55000 0.432 0.726
56000 0.423 0.727
57000 0.420 0.727
58000 0.442 0.732
59000 0.427 0.723
60000 0.432 0.731
61000 0.424 0.734
62000 0.440 0.728
63000 0.438 0.730
64000 0.434 0.730
65000 0.431 0.722
66000 0.450 0.731
67000 0.447 0.733
68000 0.444 0.729
69000 0.431 0.726
70000 0.448 0.723
71000 0.440 0.727
72000 0.443 0.736
73000 0.448 0.733
74000 0.458 0.719
75000 0.459 0.730
76000 0.462 0.735
77000 0.439 0.735
78000 0.454 0.726
79000 0.441 0.733
80000 0.442 0.719
81000 0.442 0.733
82000 0.449 0.734
83000 0.453 0.733
84000 0.457 0.721
85000 0.455 0.735
86000 0.462 0.731
87000 0.437 0.728
88000 0.480 0.731
89000 0.452 0.722
90000 0.471 0.731
91000 0.465 0.722
92000 0.473 0.732
93000 0.477 0.738
94000 0.482 0.729
95000 0.472 0.734
96000 0.477 0.738
97000 0.474 0.737
98000 0.476 0.740
99000 0.474 0.738
100000 0.481 0.736
101000 0.466 0.735
102000 0.462 0.736
103000 0.480 0.735
104000 0.480 0.740
105000 0.472 0.735
106000 0.468 0.738
107000 0.478 0.738
108000 0.466 0.738
109000 0.468 0.735
