1000 0.682 0.774
2000 0.706 0.760
3000 0.766 0.778
4000 0.775 0.787
5000 0.784 0.804
6000 0.784 0.779
7000 0.788 0.797
8000 0.814 0.779
9000 0.812 0.803
10000 0.819 0.809
11000 0.822 0.803
12000 0.819 0.791
13000 0.825 0.814
14000 0.829 0.805
15000 0.828 0.815
16000 0.832 0.817
17000 0.818 0.802
18000 0.837 0.806
19000 0.833 0.818
20000 0.830 0.819
21000 0.839 0.813
22000 0.833 0.798
23000 0.839 0.814
24000 0.839 0.812
25000 0.838 0.817
26000 0.842 0.822
27000 0.835 0.815
28000 0.841 0.812
29000 0.836 0.824
30000 0.841 0.822
31000 0.844 0.808
32000 0.841 0.817
33000 0.842 0.814
34000 0.845 0.823
35000 0.841 0.821
36000 0.847 0.815
37000 0.841 0.814
38000 0.848 0.823
39000 0.844 0.828
40000 0.845 0.826
41000 0.844 0.817
42000 0.840 0.823
43000 0.848 0.815
44000 0.849 0.826
45000 0.846 0.827
46000 0.849 0.828
47000 0.844 0.823
48000 0.847 0.823
49000 0.838 0.829
50000 0.846 0.820
51000 0.850 0.823
52000 0.845 0.826
53000 0.849 0.822
54000 0.849 0.827
55000 0.846 0.823
56000 0.850 0.826
57000 0.846 0.820
58000 0.850 0.825
59000 0.841 0.831
60000 0.845 0.824
61000 0.853 0.823
62000 0.850 0.825
63000 0.846 0.827
64000 0.853 0.831
65000 0.848 0.828
66000 0.850 0.831
67000 0.848 0.824
68000 0.850 0.821
69000 0.849 0.831
70000 0.844 0.813
71000 0.853 0.822
72000 0.850 0.825
73000 0.845 0.828
74000 0.852 0.825
75000 0.845 0.831
76000 0.850 0.830
77000 0.849 0.827
78000 0.849 0.829
79000 0.848 0.831
80000 0.840 0.818
81000 0.854 0.825
82000 0.850 0.824
83000 0.846 0.827
84000 0.852 0.828
85000 0.850 0.833
86000 0.848 0.820
87000 0.851 0.828
88000 0.852 0.837
89000 0.848 0.823
90000 0.845 0.825
91000 0.849 0.830
92000 0.848 0.829
93000 0.846 0.822
94000 0.850 0.834
95000 0.850 0.830
96000 0.852 0.832
97000 0.853 0.836
98000 0.850 0.835
99000 0.852 0.829
100000 0.847 0.822
101000 0.850 0.828
102000 0.847 0.831
103000 0.850 0.824
104000 0.851 0.832
105000 0.846 0.828
106000 0.850 0.825
107000 0.851 0.831
108000 0.852 0.834
109000 0.853 0.833
