1000 0.194 0.564
2000 0.355 0.647
3000 0.454 0.700
4000 0.512 0.719
5000 0.594 0.741
6000 0.606 0.742
7000 0.645 0.752
8000 0.658 0.756
9000 0.677 0.768
10000 0.684 0.768
11000 0.695 0.764
12000 0.697 0.765
13000 0.707 0.779
14000 0.714 0.777
15000 0.717 0.788
16000 0.720 0.784
17000 0.722 0.782
18000 0.730 0.779
19000 0.730 0.784
20000 0.732 0.788
21000 0.736 0.784
22000 0.734 0.776
23000 0.747 0.791
24000 0.744 0.789
25000 0.748 0.795
26000 0.753 0.790
27000 0.750 0.790
28000 0.752 0.784
29000 0.753 0.793
30000 0.757 0.793
31000 0.761 0.788
32000 0.763 0.788
33000 0.768 0.798
34000 0.768 0.793
35000 0.769 0.799
36000 0.773 0.790
37000 0.776 0.798
38000 0.774 0.791
39000 0.774 0.798
40000 0.780 0.799
41000 0.780 0.794
42000 0.781 0.793
43000 0.786 0.801
44000 0.789 0.799
45000 0.787 0.802
46000 0.789 0.797
47000 0.791 0.801
48000 0.787 0.796
49000 0.788 0.803
50000 0.791 0.800
51000 0.796 0.801
52000 0.792 0.799
53000 0.797 0.804
54000 0.797 0.801
55000 0.794 0.803
56000 0.799 0.796
57000 0.801 0.802
58000 0.800 0.799
59000 0.801 0.809
60000 0.801 0.800
61000 0.803 0.805
62000 0.800 0.801
63000 0.805 0.806
64000 0.806 0.806
65000 0.800 0.804
66000 0.806 0.803
67000 0.806 0.802
68000 0.808 0.800
69000 0.809 0.810
70000 0.807 0.801
71000 0.808 0.806
72000 0.807 0.805
73000 0.812 0.810
74000 0.811 0.806
75000 0.807 0.806
76000 0.811 0.807
77000 0.811 0.807
78000 0.811 0.808
79000 0.815 0.814
80000 0.813 0.804
81000 0.815 0.808
82000 0.814 0.807
83000 0.816 0.812
84000 0.813 0.808
85000 0.814 0.810
86000 0.814 0.803
87000 0.818 0.806
88000 0.817 0.810
89000 0.817 0.812
90000 0.819 0.809
91000 0.818 0.811
92000 0.819 0.810
93000 0.821 0.813
94000 0.815 0.809
95000 0.818 0.810
96000 0.819 0.810
97000 0.823 0.813
98000 0.820 0.813
99000 0.822 0.815
100000 0.823 0.812
101000 0.821 0.811
102000 0.822 0.812
103000 0.825 0.815
104000 0.823 0.812
105000 0.822 0.811
106000 0.822 0.810
107000 0.824 0.811
108000 0.823 0.817
109000 0.827 0.818
