1000 0.509 0.708
2000 0.618 0.734
3000 0.671 0.764
4000 0.699 0.771
5000 0.720 0.786
6000 0.711 0.771
7000 0.727 0.791
8000 0.750 0.768
9000 0.758 0.792
10000 0.764 0.797
11000 0.772 0.788
12000 0.771 0.786
13000 0.784 0.799
14000 0.792 0.797
15000 0.792 0.805
16000 0.794 0.800
17000 0.786 0.801
18000 0.801 0.793
19000 0.798 0.806
20000 0.800 0.809
21000 0.801 0.803
22000 0.803 0.790
23000 0.810 0.805
24000 0.811 0.802
25000 0.812 0.812
26000 0.817 0.807
27000 0.809 0.808
28000 0.811 0.796
29000 0.807 0.812
30000 0.820 0.810
31000 0.816 0.800
32000 0.821 0.809
33000 0.821 0.814
34000 0.823 0.812
35000 0.819 0.812
36000 0.828 0.801
37000 0.827 0.815
38000 0.826 0.810
39000 0.822 0.816
40000 0.831 0.816
41000 0.829 0.810
42000 0.828 0.815
43000 0.831 0.812
44000 0.834 0.816
45000 0.829 0.815
46000 0.834 0.813
47000 0.834 0.817
48000 0.831 0.812
49000 0.827 0.816
50000 0.835 0.812
51000 0.837 0.819
52000 0.832 0.815
53000 0.834 0.815
54000 0.834 0.820
55000 0.828 0.807
56000 0.836 0.805
57000 0.836 0.814
58000 0.838 0.817
59000 0.835 0.822
60000 0.836 0.811
61000 0.841 0.819
62000 0.836 0.815
63000 0.839 0.814
64000 0.842 0.821
65000 0.834 0.811
66000 0.840 0.816
67000 0.839 0.811
68000 0.840 0.814
69000 0.840 0.822
70000 0.837 0.808
71000 0.840 0.817
72000 0.839 0.815
73000 0.842 0.818
74000 0.842 0.819
75000 0.840 0.814
76000 0.843 0.819
77000 0.842 0.819
78000 0.844 0.822
79000 0.845 0.823
80000 0.839 0.810
81000 0.847 0.817
82000 0.845 0.816
83000 0.844 0.819
84000 0.844 0.820
85000 0.847 0.821
86000 0.842 0.807
87000 0.848 0.816
88000 0.848 0.825
89000 0.843 0.816
90000 0.842 0.815
91000 0.847 0.821
92000 0.848 0.819
93000 0.848 0.818
94000 0.845 0.819
95000 0.848 0.817
96000 0.848 0.821
97000 0.850 0.826
98000 0.847 0.825
99000 0.847 0.822
100000 0.847 0.822
101000 0.848 0.818
102000 0.846 0.820
103000 0.851 0.820
104000 0.850 0.819
105000 0.846 0.815
106000 0.844 0.820
107000 0.847 0.820
108000 0.852 0.826
109000 0.851 0.824
