1000 0.709 0.764
2000 0.722 0.771
3000 0.775 0.782
4000 0.787 0.790
5000 0.780 0.809
6000 0.791 0.799
7000 0.790 0.800
8000 0.807 0.793
9000 0.809 0.808
10000 0.818 0.800
11000 0.811 0.802
12000 0.808 0.800
13000 0.809 0.814
14000 0.821 0.804
15000 0.818 0.809
16000 0.812 0.806
17000 0.821 0.811
18000 0.820 0.802
19000 0.826 0.816
20000 0.823 0.805
21000 0.825 0.814
22000 0.828 0.803
23000 0.825 0.806
24000 0.832 0.810
25000 0.827 0.815
26000 0.828 0.811
27000 0.825 0.811
28000 0.827 0.804
29000 0.818 0.815
30000 0.828 0.813
31000 0.823 0.815
32000 0.818 0.814
33000 0.823 0.813
34000 0.835 0.814
35000 0.831 0.820
36000 0.836 0.821
37000 0.833 0.818
38000 0.829 0.818
39000 0.831 0.819
40000 0.834 0.814
41000 0.833 0.820
42000 0.835 0.808
43000 0.829 0.814
44000 0.837 0.826
45000 0.836 0.823
46000 0.840 0.822
47000 0.836 0.820
48000 0.835 0.819
49000 0.837 0.822
50000 0.829 0.809
51000 0.838 0.822
52000 0.831 0.816
53000 0.832 0.817
54000 0.836 0.821
55000 0.835 0.818
56000 0.840 0.820
57000 0.840 0.812
58000 0.842 0.817
59000 0.840 0.824
60000 0.836 0.810
61000 0.836 0.820
62000 0.839 0.817
63000 0.836 0.820
64000 0.843 0.820
65000 0.847 0.824
66000 0.843 0.822
67000 0.835 0.806
68000 0.844 0.808
69000 0.844 0.818
70000 0.830 0.809
71000 0.836 0.821
72000 0.832 0.819
73000 0.840 0.821
74000 0.840 0.821
75000 0.836 0.825
76000 0.845 0.824
77000 0.845 0.822
78000 0.849 0.825
79000 0.840 0.818
80000 0.828 0.816
81000 0.845 0.827
82000 0.836 0.822
83000 0.837 0.822
84000 0.839 0.821
85000 0.841 0.821
86000 0.844 0.817
87000 0.849 0.822
88000 0.842 0.826
89000 0.850 0.817
90000 0.841 0.814
91000 0.835 0.827
92000 0.838 0.824
93000 0.838 0.816
94000 0.837 0.823
95000 0.837 0.816
96000 0.847 0.823
97000 0.842 0.823
98000 0.847 0.826
99000 0.851 0.824
100000 0.844 0.820
101000 0.843 0.825
102000 0.844 0.823
103000 0.842 0.822
104000 0.844 0.821
105000 0.843 0.823
106000 0.844 0.821
107000 0.846 0.823
108000 0.840 0.825
109000 0.846 0.818
