1000 0.421 0.739
2000 0.553 0.735
3000 0.585 0.769
4000 0.709 0.769
5000 0.720 0.760
6000 0.718 0.777
7000 0.744 0.781
8000 0.745 0.790
9000 0.736 0.799
10000 0.767 0.787
11000 0.761 0.800
12000 0.768 0.797
13000 0.759 0.796
14000 0.776 0.795
15000 0.777 0.797
16000 0.763 0.802
17000 0.784 0.790
18000 0.771 0.795
19000 0.784 0.796
20000 0.778 0.802
21000 0.788 0.809
22000 0.786 0.804
23000 0.792 0.803
24000 0.795 0.792
25000 0.788 0.809
26000 0.789 0.806
27000 0.796 0.797
28000 0.787 0.801
29000 0.800 0.804
30000 0.786 0.805
31000 0.802 0.817
32000 0.795 0.807
33000 0.793 0.809
34000 0.805 0.806
35000 0.803 0.810
36000 0.810 0.810
37000 0.807 0.805
38000 0.793 0.808
39000 0.797 0.818
40000 0.810 0.805
41000 0.808 0.815
42000 0.803 0.810
43000 0.812 0.811
44000 0.817 0.812
45000 0.804 0.817
46000 0.815 0.807
47000 0.813 0.812
48000 0.812 0.806
49000 0.816 0.813
50000 0.807 0.812
51000 0.820 0.819
52000 0.817 0.817
53000 0.818 0.804
54000 0.807 0.818
55000 0.816 0.808
56000 0.818 0.808
57000 0.816 0.817
58000 0.821 0.822
59000 0.819 0.815
60000 0.819 0.816
61000 0.820 0.816
62000 0.821 0.814
63000 0.824 0.806
64000 0.819 0.826
65000 0.826 0.822
66000 0.822 0.820
67000 0.826 0.814
68000 0.816 0.809
69000 0.817 0.807
70000 0.819 0.807
71000 0.825 0.808
72000 0.821 0.804
73000 0.827 0.806
74000 0.819 0.800
75000 0.827 0.816
76000 0.810 0.810
77000 0.823 0.815
78000 0.814 0.819
79000 0.818 0.815
80000 0.820 0.819
81000 0.823 0.812
82000 0.827 0.814
83000 0.822 0.801
84000 0.828 0.815
85000 0.826 0.822
86000 0.822 0.818
87000 0.820 0.801
88000 0.823 0.824
89000 0.820 0.803
90000 0.825 0.824
91000 0.819 0.818
92000 0.824 0.813
93000 0.819 0.809
94000 0.831 0.812
95000 0.829 0.827
96000 0.830 0.812
97000 0.828 0.815
98000 0.818 0.821
99000 0.822 0.820
100000 0.817 0.824
101000 0.825 0.808
102000 0.825 0.819
103000 0.828 0.818
104000 0.829 0.820
105000 0.827 0.820
106000 0.819 0.824
107000 0.824 0.821
108000 0.824 0.827
109000 0.830 0.821
