1000 0.689 0.764
2000 0.702 0.757
3000 0.761 0.779
4000 0.770 0.786
5000 0.792 0.804
6000 0.788 0.781
7000 0.787 0.802
8000 0.810 0.784
9000 0.815 0.804
10000 0.818 0.812
11000 0.821 0.810
12000 0.819 0.800
13000 0.830 0.817
14000 0.828 0.807
15000 0.825 0.815
16000 0.835 0.816
17000 0.826 0.810
18000 0.835 0.808
19000 0.835 0.822
20000 0.838 0.821
21000 0.843 0.822
22000 0.839 0.810
23000 0.844 0.819
24000 0.838 0.812
25000 0.844 0.819
26000 0.849 0.822
27000 0.841 0.819
28000 0.839 0.815
29000 0.840 0.821
30000 0.849 0.819
31000 0.846 0.817
32000 0.847 0.824
33000 0.848 0.822
34000 0.848 0.824
35000 0.848 0.822
36000 0.853 0.823
37000 0.845 0.827
38000 0.849 0.827
39000 0.850 0.826
40000 0.855 0.824
41000 0.852 0.826
42000 0.850 0.828
43000 0.850 0.827
44000 0.849 0.828
45000 0.851 0.822
46000 0.853 0.831
47000 0.846 0.829
48000 0.851 0.825
49000 0.846 0.828
50000 0.852 0.824
51000 0.855 0.826
52000 0.855 0.830
53000 0.854 0.828
54000 0.849 0.829
55000 0.852 0.820
56000 0.854 0.825
57000 0.850 0.827
58000 0.854 0.827
59000 0.851 0.830
60000 0.850 0.819
61000 0.857 0.828
62000 0.854 0.830
63000 0.855 0.828
64000 0.857 0.832
65000 0.855 0.823
66000 0.853 0.832
67000 0.853 0.827
68000 0.857 0.823
69000 0.855 0.833
70000 0.850 0.816
71000 0.858 0.829
72000 0.857 0.830
73000 0.859 0.831
74000 0.855 0.828
75000 0.854 0.827
76000 0.855 0.833
77000 0.856 0.832
78000 0.859 0.834
79000 0.856 0.832
80000 0.852 0.822
81000 0.858 0.832
82000 0.857 0.829
83000 0.857 0.833
84000 0.856 0.828
85000 0.854 0.832
86000 0.854 0.826
87000 0.859 0.831
88000 0.859 0.835
89000 0.853 0.824
90000 0.854 0.830
91000 0.857 0.833
92000 0.858 0.834
93000 0.855 0.831
94000 0.856 0.827
95000 0.853 0.825
96000 0.856 0.833
97000 0.859 0.834
98000 0.856 0.836
99000 0.858 0.832
100000 0.856 0.834
101000 0.855 0.831
102000 0.858 0.835
103000 0.860 0.827
104000 0.859 0.828
105000 0.853 0.828
106000 0.854 0.831
107000 0.860 0.833
108000 0.856 0.835
109000 0.861 0.831
