1000 0.148 0.647
2000 0.158 0.648
3000 0.204 0.707
4000 0.215 0.701
5000 0.212 0.709
6000 0.208 0.696
7000 0.223 0.711
8000 0.225 0.720
9000 0.229 0.730
10000 0.242 0.733
11000 0.242 0.731
12000 0.256 0.727
13000 0.214 0.728
14000 0.255 0.718
15000 0.240 0.725
16000 0.250 0.727
17000 0.252 0.735
18000 0.253 0.728
19000 0.269 0.704
20000 0.280 0.722
21000 0.247 0.728
22000 0.283 0.729
23000 0.244 0.715
24000 0.256 0.734
25000 0.302 0.723
26000 0.292 0.735
27000 0.299 0.735
28000 0.315 0.730
29000 0.306 0.712
30000 0.314 0.730
31000 0.306 0.731
32000 0.336 0.726
33000 0.320 0.730
34000 0.336 0.726
35000 0.330 0.736
36000 0.298 0.733
37000 0.315 0.739
38000 0.327 0.734
39000 0.335 0.740
40000 0.337 0.740
41000 0.329 0.734
42000 0.348 0.737
43000 0.323 0.735
44000 0.338 0.737
45000 0.348 0.728
46000 0.352 0.738
47000 0.333 0.730
48000 0.351 0.741
49000 0.323 0.736
50000 0.354 0.724
51000 0.353 0.739
52000 0.334 0.729
53000 0.348 0.732
54000 0.325 0.730
55000 0.348 0.715
56000 0.353 0.715
57000 0.380 0.730
58000 0.352 0.727
59000 0.361 0.721
60000 0.348 0.736
61000 0.351 0.732
62000 0.361 0.729
63000 0.341 0.737
64000 0.381 0.731
65000 0.349 0.729
66000 0.345 0.733
67000 0.314 0.732
68000 0.363 0.727
69000 0.332 0.727
70000 0.358 0.725
71000 0.357 0.727
72000 0.355 0.718
73000 0.333 0.734
74000 0.370 0.734
75000 0.388 0.734
76000 0.371 0.729
77000 0.394 0.724
78000 0.407 0.734
79000 0.398 0.737
80000 0.418 0.734
81000 0.406 0.733
82000 0.399 0.736
83000 0.400 0.735
84000 0.409 0.732
85000 0.407 0.731
86000 0.411 0.735
87000 0.410 0.732
88000 0.437 0.753
89000 0.426 0.767
90000 0.436 0.763
91000 0.447 0.775
92000 0.400 0.748
93000 0.443 0.768
94000 0.431 0.765
95000 0.451 0.771
96000 0.462 0.784
97000 0.462 0.753
98000 0.456 0.774
99000 0.441 0.760
100000 0.463 0.779
101000 0.466 0.782
102000 0.457 0.778
103000 0.457 0.780
104000 0.445 0.780
105000 0.457 0.788
106000 0.450 0.781
107000 0.461 0.788
108000 0.474 0.781
109000 0.448 0.778
