1000 0.623 0.749
2000 0.669 0.750
3000 0.722 0.773
4000 0.742 0.784
5000 0.763 0.800
6000 0.753 0.781
7000 0.772 0.796
8000 0.790 0.777
9000 0.790 0.800
10000 0.801 0.807
11000 0.796 0.797
12000 0.797 0.797
13000 0.805 0.806
14000 0.811 0.802
15000 0.811 0.812
16000 0.813 0.803
17000 0.803 0.800
18000 0.820 0.800
19000 0.818 0.813
20000 0.818 0.817
21000 0.822 0.807
22000 0.820 0.803
23000 0.825 0.813
24000 0.823 0.810
25000 0.825 0.815
26000 0.828 0.807
27000 0.822 0.813
28000 0.827 0.809
29000 0.820 0.818
30000 0.833 0.817
31000 0.828 0.809
32000 0.829 0.820
33000 0.827 0.818
34000 0.831 0.819
35000 0.827 0.817
36000 0.835 0.813
37000 0.834 0.818
38000 0.835 0.818
39000 0.832 0.823
40000 0.839 0.821
41000 0.835 0.817
42000 0.829 0.821
43000 0.835 0.820
44000 0.836 0.823
45000 0.837 0.822
46000 0.839 0.823
47000 0.837 0.823
48000 0.838 0.824
49000 0.835 0.822
50000 0.840 0.817
51000 0.840 0.823
52000 0.835 0.827
53000 0.839 0.819
54000 0.837 0.822
55000 0.832 0.812
56000 0.841 0.820
57000 0.839 0.823
58000 0.841 0.824
59000 0.840 0.826
60000 0.838 0.819
61000 0.844 0.825
62000 0.839 0.821
63000 0.840 0.821
64000 0.843 0.828
65000 0.835 0.820
66000 0.843 0.828
67000 0.837 0.822
68000 0.842 0.819
69000 0.843 0.827
70000 0.838 0.811
71000 0.841 0.820
72000 0.839 0.824
73000 0.843 0.826
74000 0.842 0.826
75000 0.836 0.825
76000 0.843 0.829
77000 0.841 0.825
78000 0.845 0.824
79000 0.846 0.829
80000 0.839 0.819
81000 0.847 0.822
82000 0.840 0.821
83000 0.843 0.825
84000 0.844 0.827
85000 0.841 0.826
86000 0.840 0.822
87000 0.847 0.821
88000 0.846 0.829
89000 0.844 0.825
90000 0.843 0.818
91000 0.846 0.825
92000 0.843 0.827
93000 0.844 0.826
94000 0.843 0.825
95000 0.841 0.822
96000 0.843 0.832
97000 0.849 0.831
98000 0.844 0.830
99000 0.846 0.827
100000 0.845 0.818
101000 0.844 0.821
102000 0.841 0.827
103000 0.845 0.826
104000 0.843 0.828
105000 0.841 0.826
106000 0.839 0.834
107000 0.846 0.826
108000 0.847 0.833
109000 0.849 0.828
