1000 0.712 0.778
2000 0.740 0.769
3000 0.772 0.789
4000 0.785 0.797
5000 0.789 0.806
6000 0.795 0.786
7000 0.796 0.798
8000 0.808 0.796
9000 0.819 0.812
10000 0.817 0.808
11000 0.815 0.802
12000 0.822 0.799
13000 0.829 0.811
14000 0.828 0.807
15000 0.822 0.815
16000 0.833 0.812
17000 0.825 0.813
18000 0.827 0.807
19000 0.830 0.820
20000 0.830 0.820
21000 0.829 0.808
22000 0.829 0.810
23000 0.835 0.817
24000 0.839 0.811
25000 0.828 0.814
26000 0.839 0.815
27000 0.832 0.819
28000 0.828 0.815
29000 0.827 0.821
30000 0.836 0.823
31000 0.833 0.815
32000 0.836 0.821
33000 0.838 0.821
34000 0.843 0.817
35000 0.833 0.820
36000 0.838 0.818
37000 0.837 0.824
38000 0.839 0.821
39000 0.837 0.824
40000 0.842 0.825
41000 0.835 0.818
42000 0.837 0.818
43000 0.840 0.817
44000 0.843 0.817
45000 0.837 0.822
46000 0.842 0.826
47000 0.840 0.818
48000 0.837 0.814
49000 0.839 0.826
50000 0.839 0.814
51000 0.844 0.826
52000 0.840 0.824
53000 0.840 0.818
54000 0.842 0.819
55000 0.839 0.818
56000 0.843 0.818
57000 0.837 0.813
58000 0.843 0.826
59000 0.841 0.824
60000 0.837 0.816
61000 0.845 0.826
62000 0.838 0.822
63000 0.841 0.818
64000 0.845 0.825
65000 0.843 0.821
66000 0.843 0.825
67000 0.837 0.813
68000 0.842 0.814
69000 0.845 0.825
70000 0.836 0.813
71000 0.841 0.828
72000 0.843 0.826
73000 0.840 0.823
74000 0.844 0.823
75000 0.839 0.824
76000 0.846 0.830
77000 0.843 0.820
78000 0.846 0.830
79000 0.845 0.830
80000 0.839 0.829
81000 0.839 0.822
82000 0.842 0.825
83000 0.838 0.821
84000 0.845 0.826
85000 0.842 0.826
86000 0.842 0.814
87000 0.842 0.816
88000 0.849 0.831
89000 0.843 0.824
90000 0.843 0.826
91000 0.839 0.822
92000 0.840 0.828
93000 0.840 0.818
94000 0.845 0.823
95000 0.843 0.821
96000 0.845 0.828
97000 0.846 0.826
98000 0.844 0.824
99000 0.843 0.826
100000 0.844 0.831
101000 0.841 0.826
102000 0.842 0.828
103000 0.841 0.826
104000 0.847 0.821
105000 0.845 0.825
106000 0.839 0.825
107000 0.840 0.822
108000 0.844 0.828
109000 0.846 0.829
