1000 0.209 0.575
2000 0.353 0.653
3000 0.451 0.705
4000 0.511 0.721
5000 0.580 0.746
6000 0.587 0.748
7000 0.634 0.755
8000 0.650 0.759
9000 0.664 0.769
10000 0.675 0.770
11000 0.688 0.765
12000 0.687 0.766
13000 0.700 0.778
14000 0.707 0.777
15000 0.712 0.787
16000 0.716 0.782
17000 0.721 0.781
18000 0.729 0.780
19000 0.734 0.784
20000 0.733 0.788
21000 0.742 0.784
22000 0.737 0.776
23000 0.749 0.789
24000 0.748 0.787
25000 0.751 0.793
26000 0.755 0.787
27000 0.752 0.790
28000 0.754 0.783
29000 0.755 0.789
30000 0.759 0.791
31000 0.764 0.787
32000 0.765 0.787
33000 0.772 0.797
34000 0.772 0.792
35000 0.771 0.798
36000 0.777 0.787
37000 0.777 0.797
38000 0.778 0.790
39000 0.777 0.796
40000 0.781 0.796
41000 0.781 0.793
42000 0.781 0.792
43000 0.786 0.799
44000 0.786 0.798
45000 0.787 0.801
46000 0.790 0.793
47000 0.791 0.802
48000 0.788 0.796
49000 0.789 0.802
50000 0.791 0.797
51000 0.795 0.799
52000 0.792 0.799
53000 0.796 0.803
54000 0.794 0.800
55000 0.792 0.801
56000 0.799 0.792
57000 0.798 0.801
58000 0.800 0.800
59000 0.798 0.807
60000 0.799 0.798
61000 0.802 0.803
62000 0.800 0.802
63000 0.804 0.806
64000 0.802 0.806
65000 0.797 0.802
66000 0.805 0.799
67000 0.803 0.801
68000 0.805 0.799
69000 0.806 0.809
70000 0.804 0.799
71000 0.808 0.805
72000 0.805 0.807
73000 0.809 0.808
74000 0.808 0.807
75000 0.804 0.805
76000 0.809 0.804
77000 0.806 0.807
78000 0.809 0.806
79000 0.810 0.812
80000 0.807 0.802
81000 0.813 0.807
82000 0.811 0.809
83000 0.813 0.811
84000 0.810 0.807
85000 0.810 0.809
86000 0.812 0.801
87000 0.813 0.807
88000 0.814 0.810
89000 0.813 0.812
90000 0.812 0.807
91000 0.816 0.810
92000 0.815 0.813
93000 0.817 0.811
94000 0.812 0.809
95000 0.814 0.809
96000 0.816 0.808
97000 0.818 0.815
98000 0.819 0.812
99000 0.819 0.814
100000 0.818 0.810
101000 0.819 0.811
102000 0.819 0.814
103000 0.823 0.813
104000 0.818 0.810
105000 0.819 0.807
106000 0.819 0.808
107000 0.819 0.810
108000 0.823 0.815
109000 0.826 0.817
