1000 0.644 0.755
2000 0.680 0.742
3000 0.725 0.775
4000 0.738 0.783
5000 0.761 0.799
6000 0.752 0.776
7000 0.765 0.793
8000 0.784 0.782
9000 0.786 0.799
10000 0.795 0.808
11000 0.792 0.800
12000 0.800 0.793
13000 0.805 0.810
14000 0.810 0.797
15000 0.809 0.812
16000 0.810 0.810
17000 0.807 0.801
18000 0.820 0.798
19000 0.815 0.816
20000 0.815 0.818
21000 0.818 0.811
22000 0.819 0.797
23000 0.823 0.812
24000 0.826 0.807
25000 0.825 0.816
26000 0.826 0.811
27000 0.821 0.815
28000 0.827 0.807
29000 0.820 0.818
30000 0.831 0.819
31000 0.830 0.808
32000 0.829 0.817
33000 0.828 0.820
34000 0.832 0.817
35000 0.826 0.816
36000 0.836 0.809
37000 0.833 0.820
38000 0.835 0.819
39000 0.831 0.821
40000 0.837 0.821
41000 0.833 0.815
42000 0.829 0.821
43000 0.836 0.817
44000 0.837 0.819
45000 0.834 0.820
46000 0.841 0.821
47000 0.838 0.825
48000 0.837 0.818
49000 0.830 0.823
50000 0.840 0.818
51000 0.842 0.824
52000 0.837 0.825
53000 0.840 0.817
54000 0.840 0.818
55000 0.836 0.817
56000 0.844 0.817
57000 0.841 0.821
58000 0.843 0.822
59000 0.840 0.828
60000 0.843 0.818
61000 0.845 0.826
62000 0.840 0.825
63000 0.842 0.821
64000 0.847 0.826
65000 0.842 0.822
66000 0.847 0.823
67000 0.839 0.819
68000 0.844 0.815
69000 0.842 0.830
70000 0.842 0.812
71000 0.843 0.828
72000 0.842 0.828
73000 0.844 0.826
74000 0.847 0.821
75000 0.841 0.822
76000 0.849 0.829
77000 0.840 0.828
78000 0.845 0.826
79000 0.844 0.832
80000 0.842 0.823
81000 0.845 0.823
82000 0.845 0.826
83000 0.844 0.827
84000 0.849 0.822
85000 0.845 0.826
86000 0.842 0.823
87000 0.847 0.822
88000 0.848 0.829
89000 0.844 0.825
90000 0.846 0.827
91000 0.842 0.827
92000 0.848 0.831
93000 0.846 0.822
94000 0.848 0.825
95000 0.847 0.821
96000 0.847 0.833
97000 0.849 0.834
98000 0.846 0.831
99000 0.848 0.828
100000 0.847 0.831
101000 0.841 0.826
102000 0.844 0.833
103000 0.845 0.822
104000 0.848 0.823
105000 0.845 0.821
106000 0.845 0.831
107000 0.847 0.829
108000 0.849 0.832
109000 0.851 0.829
