1000 0.708 0.776
2000 0.732 0.769
3000 0.770 0.788
4000 0.783 0.792
5000 0.797 0.810
6000 0.800 0.798
7000 0.799 0.805
8000 0.815 0.799
9000 0.817 0.810
10000 0.822 0.809
11000 0.823 0.804
12000 0.819 0.806
13000 0.828 0.813
14000 0.830 0.809
15000 0.832 0.813
16000 0.834 0.813
17000 0.828 0.810
18000 0.834 0.810
19000 0.835 0.821
20000 0.833 0.814
21000 0.836 0.818
22000 0.836 0.814
23000 0.837 0.819
24000 0.839 0.807
25000 0.837 0.815
26000 0.838 0.807
27000 0.833 0.812
28000 0.837 0.807
29000 0.832 0.822
30000 0.840 0.811
31000 0.838 0.816
32000 0.840 0.822
33000 0.841 0.815
34000 0.846 0.817
35000 0.842 0.820
36000 0.846 0.819
37000 0.842 0.818
38000 0.844 0.813
39000 0.845 0.821
40000 0.845 0.820
41000 0.840 0.822
42000 0.839 0.819
43000 0.844 0.815
44000 0.851 0.822
45000 0.844 0.825
46000 0.847 0.823
47000 0.845 0.815
48000 0.841 0.816
49000 0.840 0.822
50000 0.840 0.810
51000 0.848 0.822
52000 0.847 0.821
53000 0.847 0.817
54000 0.851 0.822
55000 0.844 0.820
56000 0.849 0.821
57000 0.846 0.816
58000 0.848 0.822
59000 0.843 0.821
60000 0.840 0.818
61000 0.850 0.825
62000 0.851 0.824
63000 0.846 0.819
64000 0.851 0.823
65000 0.846 0.819
66000 0.849 0.830
67000 0.847 0.813
68000 0.849 0.824
69000 0.847 0.825
70000 0.839 0.812
71000 0.850 0.825
72000 0.848 0.826
73000 0.850 0.821
74000 0.850 0.824
75000 0.845 0.824
76000 0.852 0.829
77000 0.849 0.822
78000 0.852 0.827
79000 0.850 0.824
80000 0.839 0.812
81000 0.852 0.824
82000 0.854 0.825
83000 0.851 0.821
84000 0.854 0.825
85000 0.848 0.828
86000 0.850 0.824
87000 0.853 0.817
88000 0.853 0.827
89000 0.848 0.823
90000 0.843 0.820
91000 0.849 0.827
92000 0.853 0.830
93000 0.854 0.817
94000 0.851 0.824
95000 0.852 0.831
96000 0.852 0.828
97000 0.854 0.831
98000 0.849 0.828
99000 0.849 0.823
100000 0.847 0.827
101000 0.849 0.827
102000 0.853 0.828
103000 0.855 0.819
104000 0.855 0.825
105000 0.851 0.825
106000 0.852 0.825
107000 0.855 0.828
108000 0.851 0.828
109000 0.853 0.825
