1000 0.217 0.571
2000 0.345 0.650
3000 0.449 0.706
4000 0.539 0.720
5000 0.606 0.743
6000 0.610 0.746
7000 0.646 0.755
8000 0.661 0.757
9000 0.674 0.769
10000 0.681 0.772
11000 0.694 0.766
12000 0.695 0.766
13000 0.705 0.779
14000 0.710 0.777
15000 0.708 0.788
16000 0.712 0.787
17000 0.717 0.782
18000 0.728 0.779
19000 0.731 0.786
20000 0.731 0.789
21000 0.738 0.787
22000 0.736 0.778
23000 0.746 0.791
24000 0.744 0.790
25000 0.747 0.796
26000 0.752 0.791
27000 0.750 0.790
28000 0.750 0.783
29000 0.752 0.794
30000 0.757 0.792
31000 0.761 0.790
32000 0.763 0.789
33000 0.769 0.800
34000 0.766 0.796
35000 0.768 0.799
36000 0.774 0.790
37000 0.774 0.798
38000 0.772 0.790
39000 0.775 0.799
40000 0.781 0.797
41000 0.780 0.796
42000 0.781 0.795
43000 0.787 0.801
44000 0.787 0.801
45000 0.788 0.802
46000 0.790 0.795
47000 0.792 0.801
48000 0.787 0.798
49000 0.789 0.803
50000 0.792 0.798
51000 0.796 0.803
52000 0.792 0.800
53000 0.797 0.804
54000 0.796 0.803
55000 0.793 0.799
56000 0.800 0.793
57000 0.800 0.802
58000 0.800 0.801
59000 0.799 0.808
60000 0.800 0.799
61000 0.803 0.806
62000 0.801 0.803
63000 0.805 0.806
64000 0.805 0.808
65000 0.799 0.800
66000 0.805 0.800
67000 0.805 0.801
68000 0.805 0.801
69000 0.806 0.809
70000 0.806 0.797
71000 0.808 0.806
72000 0.808 0.806
73000 0.812 0.809
74000 0.810 0.809
75000 0.807 0.802
76000 0.809 0.803
77000 0.811 0.807
78000 0.810 0.807
79000 0.811 0.812
80000 0.812 0.802
81000 0.815 0.807
82000 0.814 0.808
83000 0.817 0.811
84000 0.812 0.810
85000 0.813 0.807
86000 0.813 0.803
87000 0.818 0.808
88000 0.816 0.810
89000 0.814 0.809
90000 0.816 0.807
91000 0.817 0.810
92000 0.818 0.811
93000 0.820 0.812
94000 0.813 0.810
95000 0.817 0.805
96000 0.818 0.807
97000 0.821 0.814
98000 0.817 0.812
99000 0.818 0.811
100000 0.821 0.811
101000 0.819 0.811
102000 0.819 0.812
103000 0.824 0.813
104000 0.821 0.812
105000 0.819 0.805
106000 0.819 0.808
107000 0.821 0.812
108000 0.821 0.814
109000 0.825 0.815
