1000 0.102 0.554
2000 0.128 0.670
3000 0.130 0.657
4000 0.170 0.712
5000 0.190 0.711
6000 0.195 0.702
7000 0.186 0.689
8000 0.158 0.704
9000 0.154 0.718
10000 0.212 0.701
11000 0.209 0.705
12000 0.195 0.710
13000 0.214 0.720
14000 0.214 0.709
15000 0.225 0.727
16000 0.189 0.727
17000 0.211 0.732
18000 0.218 0.725
19000 0.219 0.723
20000 0.201 0.710
21000 0.204 0.711
22000 0.201 0.721
23000 0.222 0.727
24000 0.228 0.728
25000 0.230 0.729
26000 0.227 0.728
27000 0.221 0.726
28000 0.231 0.721
29000 0.233 0.728
30000 0.227 0.730
31000 0.226 0.730
32000 0.241 0.726
33000 0.249 0.722
34000 0.263 0.717
35000 0.246 0.714
36000 0.256 0.730
37000 0.223 0.721
38000 0.247 0.714
39000 0.254 0.731
40000 0.248 0.732
41000 0.265 0.731
42000 0.260 0.723
43000 0.258 0.724
44000 0.249 0.723
45000 0.254 0.724
46000 0.252 0.726
47000 0.222 0.726
48000 0.258 0.718
49000 0.270 0.720
50000 0.265 0.728
51000 0.274 0.729
52000 0.223 0.723
53000 0.262 0.706
54000 0.274 0.716
55000 0.254 0.713
56000 0.258 0.713
57000 0.282 0.729
58000 0.261 0.728
59000 0.236 0.724
60000 0.244 0.691
61000 0.265 0.729
62000 0.261 0.731
63000 0.264 0.730
64000 0.267 0.700
65000 0.258 0.725
66000 0.260 0.729
67000 0.272 0.732
68000 0.261 0.713
69000 0.264 0.731
70000 0.268 0.734
71000 0.265 0.726
72000 0.248 0.718
73000 0.267 0.701
74000 0.284 0.722
75000 0.262 0.720
76000 0.279 0.723
77000 0.265 0.733
78000 0.268 0.729
79000 0.276 0.715
80000 0.258 0.729
81000 0.278 0.716
82000 0.248 0.732
83000 0.262 0.725
84000 0.256 0.722
85000 0.268 0.722
86000 0.255 0.711
87000 0.257 0.732
88000 0.281 0.716
89000 0.255 0.723
90000 0.272 0.727
91000 0.290 0.723
92000 0.281 0.723
93000 0.287 0.722
94000 0.268 0.731
95000 0.275 0.736
96000 0.267 0.734
97000 0.286 0.730
98000 0.287 0.729
99000 0.271 0.730
100000 0.275 0.737
101000 0.277 0.735
102000 0.266 0.733
103000 0.273 0.734
104000 0.256 0.732
105000 0.260 0.736
106000 0.270 0.733
107000 0.281 0.728
108000 0.284 0.734
109000 0.286 0.736
