1000 0.502 0.704
2000 0.604 0.734
3000 0.663 0.763
4000 0.697 0.773
5000 0.713 0.788
6000 0.706 0.776
7000 0.727 0.788
8000 0.747 0.772
9000 0.757 0.791
10000 0.763 0.798
11000 0.770 0.789
12000 0.770 0.782
13000 0.786 0.799
14000 0.789 0.794
15000 0.789 0.805
16000 0.792 0.798
17000 0.788 0.797
18000 0.799 0.789
19000 0.797 0.801
20000 0.795 0.806
21000 0.802 0.801
22000 0.802 0.788
23000 0.812 0.801
24000 0.809 0.799
25000 0.811 0.808
26000 0.817 0.798
27000 0.811 0.804
28000 0.814 0.795
29000 0.808 0.809
30000 0.818 0.808
31000 0.817 0.798
32000 0.820 0.805
33000 0.824 0.811
34000 0.821 0.807
35000 0.823 0.805
36000 0.828 0.795
37000 0.829 0.809
38000 0.827 0.805
39000 0.824 0.810
40000 0.833 0.809
41000 0.828 0.803
42000 0.825 0.810
43000 0.833 0.808
44000 0.833 0.811
45000 0.834 0.807
46000 0.835 0.805
47000 0.835 0.814
48000 0.832 0.810
49000 0.832 0.814
50000 0.837 0.808
51000 0.838 0.813
52000 0.833 0.812
53000 0.838 0.809
54000 0.838 0.812
55000 0.834 0.804
56000 0.838 0.803
57000 0.837 0.813
58000 0.840 0.811
59000 0.839 0.818
60000 0.839 0.809
61000 0.843 0.815
62000 0.838 0.812
63000 0.841 0.811
64000 0.843 0.814
65000 0.841 0.810
66000 0.842 0.809
67000 0.840 0.808
68000 0.844 0.808
69000 0.843 0.819
70000 0.840 0.803
71000 0.843 0.815
72000 0.844 0.817
73000 0.843 0.817
74000 0.845 0.813
75000 0.844 0.815
76000 0.846 0.814
77000 0.842 0.816
78000 0.848 0.818
79000 0.845 0.821
80000 0.841 0.811
81000 0.846 0.814
82000 0.847 0.820
83000 0.846 0.818
84000 0.844 0.815
85000 0.846 0.821
86000 0.843 0.808
87000 0.847 0.815
88000 0.850 0.823
89000 0.844 0.815
90000 0.845 0.818
91000 0.846 0.819
92000 0.848 0.822
93000 0.849 0.814
94000 0.843 0.818
95000 0.848 0.819
96000 0.849 0.820
97000 0.850 0.825
98000 0.850 0.829
99000 0.849 0.823
100000 0.848 0.823
101000 0.844 0.819
102000 0.848 0.826
103000 0.849 0.815
104000 0.849 0.819
105000 0.849 0.817
106000 0.846 0.820
107000 0.848 0.821
108000 0.852 0.831
109000 0.852 0.826
