1000 0.684 0.764
2000 0.707 0.763
3000 0.762 0.781
4000 0.768 0.789
5000 0.789 0.805
6000 0.783 0.787
7000 0.791 0.798
8000 0.809 0.786
9000 0.817 0.806
10000 0.820 0.808
11000 0.822 0.808
12000 0.817 0.802
13000 0.827 0.813
14000 0.827 0.803
15000 0.827 0.816
16000 0.829 0.812
17000 0.826 0.807
18000 0.835 0.804
19000 0.832 0.816
20000 0.826 0.817
21000 0.837 0.814
22000 0.832 0.806
23000 0.840 0.816
24000 0.839 0.809
25000 0.837 0.821
26000 0.841 0.814
27000 0.836 0.818
28000 0.839 0.806
29000 0.835 0.819
30000 0.840 0.814
31000 0.837 0.814
32000 0.840 0.818
33000 0.839 0.820
34000 0.842 0.820
35000 0.839 0.824
36000 0.845 0.817
37000 0.842 0.819
38000 0.843 0.820
39000 0.843 0.823
40000 0.845 0.826
41000 0.843 0.822
42000 0.836 0.821
43000 0.844 0.821
44000 0.847 0.821
45000 0.846 0.826
46000 0.847 0.826
47000 0.845 0.825
48000 0.847 0.824
49000 0.843 0.825
50000 0.845 0.821
51000 0.849 0.824
52000 0.841 0.821
53000 0.844 0.820
54000 0.846 0.826
55000 0.842 0.817
56000 0.845 0.823
57000 0.846 0.817
58000 0.849 0.826
59000 0.844 0.826
60000 0.844 0.823
61000 0.852 0.825
62000 0.845 0.822
63000 0.843 0.821
64000 0.849 0.825
65000 0.845 0.822
66000 0.847 0.827
67000 0.846 0.815
68000 0.848 0.822
69000 0.848 0.829
70000 0.843 0.816
71000 0.850 0.822
72000 0.848 0.823
73000 0.848 0.822
74000 0.850 0.822
75000 0.849 0.822
76000 0.849 0.828
77000 0.846 0.823
78000 0.851 0.832
79000 0.850 0.828
80000 0.843 0.823
81000 0.851 0.822
82000 0.850 0.826
83000 0.849 0.819
84000 0.850 0.828
85000 0.851 0.829
86000 0.847 0.825
87000 0.851 0.822
88000 0.852 0.830
89000 0.848 0.824
90000 0.848 0.829
91000 0.851 0.827
92000 0.852 0.830
93000 0.849 0.817
94000 0.850 0.829
95000 0.853 0.823
96000 0.848 0.829
97000 0.852 0.832
98000 0.851 0.833
99000 0.849 0.829
100000 0.850 0.833
101000 0.850 0.825
102000 0.851 0.829
103000 0.852 0.824
104000 0.852 0.832
105000 0.852 0.826
106000 0.844 0.826
107000 0.851 0.827
108000 0.853 0.835
109000 0.855 0.830
