1000 0.638 0.751
2000 0.675 0.743
3000 0.723 0.771
4000 0.742 0.787
5000 0.762 0.797
6000 0.748 0.783
7000 0.767 0.793
8000 0.787 0.777
9000 0.791 0.801
10000 0.795 0.806
11000 0.797 0.799
12000 0.799 0.794
13000 0.812 0.807
14000 0.812 0.803
15000 0.811 0.810
16000 0.812 0.811
17000 0.805 0.805
18000 0.821 0.795
19000 0.822 0.814
20000 0.813 0.816
21000 0.823 0.811
22000 0.822 0.800
23000 0.829 0.814
24000 0.827 0.805
25000 0.826 0.818
26000 0.832 0.817
27000 0.823 0.817
28000 0.826 0.802
29000 0.821 0.817
30000 0.831 0.819
31000 0.827 0.810
32000 0.831 0.811
33000 0.832 0.819
34000 0.833 0.816
35000 0.832 0.819
36000 0.839 0.815
37000 0.837 0.821
38000 0.837 0.810
39000 0.833 0.819
40000 0.839 0.820
41000 0.836 0.818
42000 0.834 0.812
43000 0.837 0.811
44000 0.839 0.817
45000 0.838 0.824
46000 0.841 0.822
47000 0.843 0.822
48000 0.840 0.818
49000 0.836 0.823
50000 0.841 0.820
51000 0.844 0.822
52000 0.840 0.817
53000 0.841 0.810
54000 0.841 0.822
55000 0.839 0.820
56000 0.845 0.813
57000 0.844 0.817
58000 0.846 0.821
59000 0.841 0.826
60000 0.842 0.820
61000 0.847 0.817
62000 0.844 0.819
63000 0.842 0.814
64000 0.847 0.823
65000 0.842 0.822
66000 0.846 0.823
67000 0.846 0.819
68000 0.849 0.819
69000 0.848 0.828
70000 0.842 0.813
71000 0.847 0.820
72000 0.846 0.819
73000 0.846 0.820
74000 0.847 0.818
75000 0.845 0.820
76000 0.847 0.825
77000 0.847 0.824
78000 0.851 0.825
79000 0.850 0.829
80000 0.843 0.821
81000 0.849 0.824
82000 0.847 0.815
83000 0.846 0.819
84000 0.847 0.822
85000 0.847 0.826
86000 0.845 0.816
87000 0.849 0.821
88000 0.853 0.827
89000 0.848 0.824
90000 0.846 0.821
91000 0.848 0.830
92000 0.847 0.823
93000 0.848 0.820
94000 0.847 0.823
95000 0.850 0.826
96000 0.849 0.829
97000 0.852 0.830
98000 0.852 0.829
99000 0.851 0.827
100000 0.848 0.822
101000 0.846 0.829
102000 0.849 0.827
103000 0.849 0.823
104000 0.851 0.826
105000 0.850 0.827
106000 0.847 0.829
107000 0.851 0.829
108000 0.852 0.829
109000 0.854 0.830
