1000 0.709 0.784
2000 0.728 0.778
3000 0.767 0.786
4000 0.784 0.796
5000 0.787 0.805
6000 0.783 0.804
7000 0.797 0.807
8000 0.808 0.788
9000 0.814 0.801
10000 0.815 0.799
11000 0.812 0.801
12000 0.807 0.806
13000 0.820 0.808
14000 0.809 0.807
15000 0.819 0.812
16000 0.820 0.812
17000 0.817 0.804
18000 0.828 0.805
19000 0.830 0.812
20000 0.825 0.808
21000 0.826 0.809
22000 0.825 0.802
23000 0.835 0.810
24000 0.822 0.795
25000 0.835 0.815
26000 0.833 0.812
27000 0.827 0.819
28000 0.833 0.814
29000 0.836 0.821
30000 0.843 0.813
31000 0.831 0.816
32000 0.839 0.809
33000 0.829 0.812
34000 0.832 0.817
35000 0.839 0.819
36000 0.839 0.821
37000 0.840 0.820
38000 0.839 0.817
39000 0.840 0.821
40000 0.843 0.818
41000 0.832 0.816
42000 0.833 0.820
43000 0.838 0.817
44000 0.844 0.807
45000 0.843 0.818
46000 0.840 0.819
47000 0.840 0.821
48000 0.842 0.822
49000 0.831 0.821
50000 0.843 0.819
51000 0.836 0.822
52000 0.841 0.816
53000 0.835 0.814
54000 0.839 0.820
55000 0.841 0.820
56000 0.843 0.819
57000 0.839 0.821
58000 0.845 0.822
59000 0.841 0.814
60000 0.842 0.816
61000 0.846 0.826
62000 0.837 0.822
63000 0.844 0.819
64000 0.846 0.823
65000 0.844 0.820
66000 0.838 0.822
67000 0.841 0.814
68000 0.841 0.811
69000 0.834 0.823
70000 0.844 0.812
71000 0.846 0.823
72000 0.845 0.822
73000 0.838 0.820
74000 0.844 0.823
75000 0.842 0.821
76000 0.844 0.819
77000 0.846 0.822
78000 0.844 0.814
79000 0.842 0.822
80000 0.842 0.819
81000 0.843 0.813
82000 0.845 0.825
83000 0.841 0.814
84000 0.846 0.817
85000 0.847 0.824
86000 0.842 0.818
87000 0.845 0.817
88000 0.848 0.828
89000 0.848 0.800
90000 0.848 0.810
91000 0.848 0.815
92000 0.843 0.816
93000 0.841 0.825
94000 0.840 0.821
95000 0.847 0.823
96000 0.845 0.822
97000 0.827 0.820
98000 0.847 0.827
99000 0.843 0.815
100000 0.846 0.820
101000 0.849 0.820
102000 0.847 0.817
103000 0.846 0.825
104000 0.845 0.823
105000 0.846 0.822
106000 0.841 0.822
107000 0.848 0.813
108000 0.841 0.827
109000 0.842 0.823
