1000 0.529 0.714
2000 0.612 0.732
3000 0.679 0.767
4000 0.703 0.774
5000 0.721 0.787
6000 0.719 0.774
7000 0.737 0.787
8000 0.752 0.772
9000 0.756 0.791
10000 0.759 0.799
11000 0.768 0.788
12000 0.763 0.782
13000 0.779 0.801
14000 0.785 0.793
15000 0.786 0.806
16000 0.790 0.800
17000 0.787 0.797
18000 0.796 0.791
19000 0.794 0.804
20000 0.795 0.807
21000 0.800 0.801
22000 0.798 0.787
23000 0.807 0.806
24000 0.809 0.801
25000 0.808 0.807
26000 0.813 0.802
27000 0.811 0.805
28000 0.810 0.795
29000 0.805 0.809
30000 0.817 0.810
31000 0.814 0.800
32000 0.817 0.807
33000 0.821 0.816
34000 0.821 0.810
35000 0.817 0.809
36000 0.825 0.802
37000 0.826 0.812
38000 0.823 0.809
39000 0.822 0.816
40000 0.828 0.813
41000 0.822 0.807
42000 0.822 0.808
43000 0.829 0.813
44000 0.830 0.815
45000 0.829 0.816
46000 0.831 0.813
47000 0.831 0.817
48000 0.827 0.815
49000 0.826 0.817
50000 0.830 0.814
51000 0.834 0.818
52000 0.828 0.814
53000 0.831 0.814
54000 0.833 0.817
55000 0.830 0.814
56000 0.834 0.812
57000 0.833 0.816
58000 0.833 0.817
59000 0.831 0.822
60000 0.832 0.814
61000 0.838 0.822
62000 0.831 0.818
63000 0.834 0.816
64000 0.839 0.822
65000 0.834 0.819
66000 0.838 0.822
67000 0.834 0.813
68000 0.838 0.816
69000 0.836 0.822
70000 0.833 0.810
71000 0.839 0.820
72000 0.838 0.823
73000 0.836 0.821
74000 0.839 0.819
75000 0.836 0.820
76000 0.840 0.827
77000 0.836 0.819
78000 0.841 0.821
79000 0.839 0.824
80000 0.831 0.811
81000 0.842 0.823
82000 0.840 0.822
83000 0.841 0.824
84000 0.839 0.821
85000 0.841 0.823
86000 0.841 0.820
87000 0.843 0.816
88000 0.843 0.824
89000 0.840 0.821
90000 0.838 0.818
91000 0.842 0.826
92000 0.842 0.827
93000 0.844 0.824
94000 0.839 0.821
95000 0.842 0.819
96000 0.844 0.831
97000 0.845 0.829
98000 0.844 0.830
99000 0.843 0.825
100000 0.840 0.824
101000 0.842 0.824
102000 0.841 0.826
103000 0.846 0.825
104000 0.843 0.822
105000 0.844 0.824
106000 0.842 0.830
107000 0.843 0.824
108000 0.845 0.829
109000 0.846 0.829
