1000 0.102 0.688
2000 0.205 0.712
3000 0.223 0.701
4000 0.224 0.714
5000 0.269 0.709
6000 0.220 0.718
7000 0.266 0.720
8000 0.258 0.716
9000 0.271 0.721
10000 0.267 0.705
11000 0.285 0.721
12000 0.302 0.717
13000 0.324 0.722
14000 0.311 0.715
15000 0.286 0.726
16000 0.300 0.729
17000 0.302 0.728
18000 0.313 0.727
19000 0.314 0.732
20000 0.326 0.732
21000 0.307 0.722
22000 0.324 0.738
23000 0.335 0.724
24000 0.294 0.715
25000 0.347 0.733
26000 0.325 0.730
27000 0.328 0.733
28000 0.332 0.733
29000 0.329 0.734
30000 0.325 0.732
31000 0.338 0.734
32000 0.327 0.736
33000 0.302 0.732
34000 0.343 0.734
35000 0.331 0.715
36000 0.332 0.731
37000 0.348 0.733
38000 0.343 0.728
39000 0.316 0.733
40000 0.332 0.728
41000 0.329 0.730
42000 0.346 0.728
43000 0.321 0.730
44000 0.328 0.731
45000 0.339 0.734
46000 0.326 0.734
47000 0.310 0.736
48000 0.336 0.736
49000 0.327 0.736
50000 0.330 0.736
51000 0.342 0.734
52000 0.347 0.734
53000 0.337 0.733
54000 0.361 0.727
55000 0.356 0.735
56000 0.358 0.735
57000 0.337 0.725
58000 0.365 0.735
59000 0.348 0.736
60000 0.371 0.730
61000 0.346 0.734
62000 0.343 0.722
63000 0.353 0.732
64000 0.374 0.734
65000 0.362 0.734
66000 0.343 0.729
67000 0.351 0.735
68000 0.369 0.731
69000 0.362 0.730
70000 0.350 0.731
71000 0.341 0.728
72000 0.360 0.737
73000 0.373 0.729
74000 0.379 0.735
75000 0.361 0.728
76000 0.333 0.726
77000 0.374 0.726
78000 0.382 0.731
79000 0.355 0.738
80000 0.381 0.738
81000 0.368 0.733
82000 0.380 0.730
83000 0.386 0.739
84000 0.384 0.727
85000 0.384 0.736
86000 0.371 0.725
87000 0.371 0.739
88000 0.373 0.732
89000 0.403 0.738
90000 0.395 0.740
91000 0.394 0.734
92000 0.375 0.725
93000 0.413 0.725
94000 0.403 0.735
95000 0.403 0.716
96000 0.397 0.736
97000 0.393 0.735
98000 0.390 0.740
99000 0.386 0.737
100000 0.400 0.737
101000 0.391 0.738
102000 0.401 0.740
103000 0.386 0.738
104000 0.383 0.738
105000 0.373 0.739
106000 0.395 0.741
107000 0.402 0.738
108000 0.388 0.738
109000 0.398 0.732
