1000 0.700 0.778
2000 0.743 0.772
3000 0.772 0.784
4000 0.783 0.799
5000 0.779 0.805
6000 0.785 0.800
7000 0.792 0.798
8000 0.795 0.773
9000 0.817 0.810
10000 0.813 0.805
11000 0.800 0.789
12000 0.813 0.796
13000 0.816 0.806
14000 0.810 0.806
15000 0.822 0.816
16000 0.814 0.810
17000 0.824 0.815
18000 0.819 0.805
19000 0.822 0.822
20000 0.831 0.817
21000 0.825 0.818
22000 0.829 0.821
23000 0.828 0.811
24000 0.831 0.806
25000 0.825 0.817
26000 0.827 0.820
27000 0.829 0.818
28000 0.821 0.810
29000 0.823 0.816
30000 0.831 0.820
31000 0.822 0.818
32000 0.830 0.821
33000 0.831 0.818
34000 0.834 0.813
35000 0.831 0.825
36000 0.838 0.823
37000 0.825 0.819
38000 0.829 0.818
39000 0.833 0.818
40000 0.839 0.823
41000 0.832 0.821
42000 0.828 0.823
43000 0.835 0.812
44000 0.836 0.818
45000 0.834 0.824
46000 0.839 0.825
47000 0.829 0.817
48000 0.834 0.822
49000 0.836 0.821
50000 0.833 0.822
51000 0.839 0.824
52000 0.839 0.821
53000 0.836 0.818
54000 0.833 0.820
55000 0.832 0.823
56000 0.842 0.817
57000 0.835 0.823
58000 0.836 0.822
59000 0.835 0.826
60000 0.836 0.824
61000 0.841 0.823
62000 0.840 0.819
63000 0.832 0.824
64000 0.835 0.823
65000 0.830 0.821
66000 0.841 0.824
67000 0.834 0.823
68000 0.832 0.821
69000 0.840 0.822
70000 0.837 0.827
71000 0.837 0.828
72000 0.843 0.824
73000 0.841 0.822
74000 0.836 0.821
75000 0.815 0.820
76000 0.840 0.826
77000 0.835 0.824
78000 0.843 0.816
79000 0.835 0.825
80000 0.834 0.829
81000 0.839 0.819
82000 0.841 0.827
83000 0.832 0.823
84000 0.839 0.823
85000 0.839 0.826
86000 0.838 0.818
87000 0.836 0.820
88000 0.839 0.827
89000 0.843 0.823
90000 0.841 0.821
91000 0.836 0.825
92000 0.840 0.823
93000 0.842 0.826
94000 0.835 0.819
95000 0.844 0.824
96000 0.846 0.825
97000 0.844 0.828
98000 0.842 0.831
99000 0.840 0.822
100000 0.842 0.818
101000 0.838 0.828
102000 0.843 0.824
103000 0.842 0.828
104000 0.839 0.825
105000 0.828 0.829
106000 0.840 0.830
107000 0.842 0.826
108000 0.842 0.829
109000 0.843 0.827
