1000 0.705 0.777
2000 0.720 0.777
3000 0.780 0.785
4000 0.791 0.798
5000 0.794 0.810
6000 0.803 0.792
7000 0.793 0.798
8000 0.818 0.789
9000 0.820 0.804
10000 0.828 0.808
11000 0.820 0.805
12000 0.824 0.803
13000 0.825 0.817
14000 0.835 0.805
15000 0.829 0.819
16000 0.838 0.813
17000 0.833 0.811
18000 0.841 0.806
19000 0.834 0.816
20000 0.829 0.818
21000 0.836 0.812
22000 0.836 0.815
23000 0.837 0.819
24000 0.845 0.814
25000 0.838 0.818
26000 0.844 0.820
27000 0.844 0.820
28000 0.843 0.806
29000 0.836 0.819
30000 0.847 0.816
31000 0.837 0.811
32000 0.839 0.825
33000 0.843 0.821
34000 0.850 0.821
35000 0.843 0.822
36000 0.852 0.821
37000 0.848 0.822
38000 0.848 0.818
39000 0.847 0.824
40000 0.846 0.824
41000 0.843 0.823
42000 0.839 0.821
43000 0.846 0.822
44000 0.853 0.825
45000 0.847 0.826
46000 0.855 0.822
47000 0.851 0.826
48000 0.851 0.824
49000 0.847 0.823
50000 0.850 0.819
51000 0.849 0.826
52000 0.847 0.823
53000 0.850 0.824
54000 0.847 0.828
55000 0.849 0.822
56000 0.856 0.823
57000 0.851 0.821
58000 0.854 0.826
59000 0.845 0.827
60000 0.847 0.824
61000 0.853 0.826
62000 0.851 0.822
63000 0.851 0.829
64000 0.852 0.829
65000 0.852 0.823
66000 0.856 0.830
67000 0.853 0.818
68000 0.852 0.819
69000 0.853 0.827
70000 0.843 0.822
71000 0.852 0.825
72000 0.852 0.829
73000 0.850 0.828
74000 0.855 0.824
75000 0.849 0.824
76000 0.855 0.826
77000 0.855 0.825
78000 0.853 0.822
79000 0.853 0.827
80000 0.844 0.827
81000 0.853 0.822
82000 0.855 0.825
83000 0.852 0.825
84000 0.855 0.828
85000 0.853 0.824
86000 0.850 0.825
87000 0.855 0.821
88000 0.853 0.829
89000 0.853 0.826
90000 0.848 0.827
91000 0.852 0.825
92000 0.855 0.828
93000 0.854 0.828
94000 0.851 0.828
95000 0.855 0.824
96000 0.857 0.831
97000 0.853 0.829
98000 0.857 0.830
99000 0.855 0.831
100000 0.849 0.830
101000 0.851 0.829
102000 0.855 0.828
103000 0.857 0.829
104000 0.854 0.829
105000 0.850 0.828
106000 0.854 0.830
107000 0.853 0.827
108000 0.856 0.829
109000 0.857 0.832
