1000 0.634 0.747
2000 0.669 0.738
3000 0.721 0.772
4000 0.740 0.785
5000 0.759 0.799
6000 0.753 0.777
7000 0.768 0.791
8000 0.789 0.783
9000 0.788 0.798
10000 0.798 0.807
11000 0.801 0.798
12000 0.798 0.793
13000 0.808 0.805
14000 0.815 0.797
15000 0.807 0.808
16000 0.815 0.808
17000 0.805 0.801
18000 0.824 0.800
19000 0.815 0.815
20000 0.820 0.816
21000 0.824 0.808
22000 0.823 0.797
23000 0.827 0.812
24000 0.831 0.808
25000 0.826 0.813
26000 0.834 0.818
27000 0.825 0.810
28000 0.830 0.804
29000 0.823 0.819
30000 0.835 0.818
31000 0.835 0.809
32000 0.832 0.812
33000 0.834 0.819
34000 0.841 0.816
35000 0.830 0.815
36000 0.844 0.814
37000 0.838 0.817
38000 0.840 0.813
39000 0.839 0.819
40000 0.842 0.816
41000 0.844 0.815
42000 0.835 0.817
43000 0.844 0.816
44000 0.845 0.821
45000 0.842 0.818
46000 0.847 0.821
47000 0.843 0.818
48000 0.844 0.818
49000 0.843 0.820
50000 0.844 0.810
51000 0.849 0.818
52000 0.840 0.821
53000 0.847 0.817
54000 0.846 0.821
55000 0.843 0.815
56000 0.849 0.811
57000 0.847 0.821
58000 0.850 0.824
59000 0.848 0.825
60000 0.844 0.812
61000 0.853 0.825
62000 0.845 0.823
63000 0.850 0.820
64000 0.853 0.824
65000 0.848 0.818
66000 0.854 0.823
67000 0.848 0.821
68000 0.852 0.817
69000 0.852 0.825
70000 0.842 0.797
71000 0.852 0.826
72000 0.850 0.824
73000 0.852 0.826
74000 0.853 0.815
75000 0.849 0.818
76000 0.854 0.824
77000 0.850 0.826
78000 0.855 0.820
79000 0.854 0.826
80000 0.848 0.811
81000 0.856 0.826
82000 0.851 0.824
83000 0.853 0.825
84000 0.856 0.823
85000 0.853 0.827
86000 0.851 0.813
87000 0.855 0.822
88000 0.858 0.824
89000 0.852 0.821
90000 0.853 0.819
91000 0.855 0.826
92000 0.853 0.826
93000 0.855 0.825
94000 0.856 0.823
95000 0.854 0.822
96000 0.856 0.827
97000 0.855 0.831
98000 0.856 0.827
99000 0.856 0.827
100000 0.854 0.821
101000 0.855 0.823
102000 0.851 0.827
103000 0.859 0.823
104000 0.857 0.821
105000 0.853 0.822
106000 0.854 0.821
107000 0.855 0.825
108000 0.858 0.830
109000 0.860 0.828
