1000 0.467 0.727
2000 0.614 0.755
3000 0.696 0.765
4000 0.711 0.782
5000 0.734 0.789
6000 0.755 0.796
7000 0.743 0.788
8000 0.765 0.781
9000 0.771 0.790
10000 0.775 0.797
11000 0.769 0.791
12000 0.783 0.788
13000 0.785 0.789
14000 0.790 0.801
15000 0.789 0.793
16000 0.780 0.804
17000 0.796 0.795
18000 0.789 0.783
19000 0.799 0.795
20000 0.794 0.799
21000 0.797 0.803
22000 0.789 0.801
23000 0.797 0.803
24000 0.801 0.801
25000 0.799 0.807
26000 0.790 0.794
27000 0.802 0.807
28000 0.808 0.795
29000 0.809 0.795
30000 0.804 0.808
31000 0.811 0.813
32000 0.809 0.807
33000 0.796 0.807
34000 0.809 0.816
35000 0.802 0.807
36000 0.800 0.803
37000 0.810 0.814
38000 0.802 0.811
39000 0.800 0.810
40000 0.807 0.814
41000 0.798 0.802
42000 0.804 0.804
43000 0.800 0.810
44000 0.802 0.817
45000 0.780 0.812
46000 0.809 0.810
47000 0.811 0.817
48000 0.804 0.804
49000 0.803 0.813
50000 0.808 0.810
51000 0.817 0.813
52000 0.810 0.802
53000 0.821 0.812
54000 0.800 0.819
55000 0.812 0.813
56000 0.809 0.811
57000 0.811 0.817
58000 0.811 0.815
59000 0.811 0.811
60000 0.814 0.819
61000 0.817 0.814
62000 0.817 0.816
63000 0.820 0.817
64000 0.821 0.814
65000 0.820 0.822
66000 0.809 0.821
67000 0.816 0.816
68000 0.818 0.821
69000 0.818 0.813
70000 0.815 0.813
71000 0.818 0.819
72000 0.816 0.814
73000 0.811 0.814
74000 0.819 0.802
75000 0.819 0.821
76000 0.817 0.822
77000 0.819 0.813
78000 0.813 0.815
79000 0.822 0.811
80000 0.813 0.810
81000 0.824 0.822
82000 0.819 0.821
83000 0.802 0.810
84000 0.820 0.825
85000 0.824 0.819
86000 0.809 0.825
87000 0.814 0.818
88000 0.823 0.818
89000 0.816 0.812
90000 0.817 0.818
91000 0.827 0.819
92000 0.822 0.813
93000 0.810 0.814
94000 0.820 0.821
95000 0.821 0.819
96000 0.816 0.804
97000 0.822 0.815
98000 0.823 0.823
99000 0.812 0.812
100000 0.813 0.816
101000 0.820 0.826
102000 0.819 0.822
103000 0.822 0.814
104000 0.826 0.826
105000 0.825 0.823
106000 0.806 0.820
107000 0.815 0.824
108000 0.825 0.823
109000 0.812 0.819
