1000 0.708 0.781
2000 0.744 0.773
3000 0.776 0.784
4000 0.791 0.786
5000 0.808 0.807
6000 0.805 0.804
7000 0.792 0.797
8000 0.816 0.790
9000 0.827 0.812
10000 0.831 0.813
11000 0.832 0.805
12000 0.826 0.804
13000 0.832 0.813
14000 0.838 0.801
15000 0.839 0.815
16000 0.837 0.819
17000 0.829 0.809
18000 0.842 0.805
19000 0.845 0.823
20000 0.840 0.823
21000 0.842 0.819
22000 0.839 0.817
23000 0.845 0.818
24000 0.848 0.809
25000 0.837 0.822
26000 0.843 0.820
27000 0.840 0.823
28000 0.845 0.815
29000 0.847 0.822
30000 0.843 0.821
31000 0.842 0.823
32000 0.843 0.823
33000 0.843 0.819
34000 0.852 0.819
35000 0.843 0.826
36000 0.850 0.824
37000 0.850 0.825
38000 0.852 0.821
39000 0.849 0.826
40000 0.847 0.825
41000 0.847 0.826
42000 0.843 0.825
43000 0.847 0.820
44000 0.851 0.824
45000 0.848 0.826
46000 0.851 0.827
47000 0.850 0.830
48000 0.853 0.830
49000 0.851 0.826
50000 0.849 0.823
51000 0.852 0.828
52000 0.846 0.829
53000 0.851 0.823
54000 0.852 0.823
55000 0.851 0.824
56000 0.851 0.817
57000 0.852 0.819
58000 0.854 0.830
59000 0.852 0.828
60000 0.848 0.819
61000 0.856 0.826
62000 0.848 0.824
63000 0.849 0.824
64000 0.853 0.825
65000 0.846 0.823
66000 0.856 0.827
67000 0.853 0.818
68000 0.854 0.819
69000 0.855 0.824
70000 0.848 0.818
71000 0.854 0.823
72000 0.853 0.827
73000 0.851 0.829
74000 0.854 0.822
75000 0.846 0.825
76000 0.856 0.828
77000 0.856 0.824
78000 0.857 0.830
79000 0.851 0.828
80000 0.848 0.825
81000 0.859 0.825
82000 0.855 0.830
83000 0.849 0.828
84000 0.853 0.823
85000 0.852 0.827
86000 0.848 0.822
87000 0.853 0.822
88000 0.853 0.830
89000 0.853 0.824
90000 0.851 0.826
91000 0.858 0.831
92000 0.855 0.833
93000 0.850 0.824
94000 0.848 0.825
95000 0.855 0.827
96000 0.856 0.832
97000 0.854 0.830
98000 0.854 0.830
99000 0.854 0.827
100000 0.849 0.826
101000 0.858 0.827
102000 0.852 0.833
103000 0.852 0.825
104000 0.854 0.831
105000 0.853 0.827
106000 0.853 0.831
107000 0.854 0.825
108000 0.855 0.825
109000 0.856 0.830
