1000 0.690 0.764
2000 0.694 0.765
3000 0.750 0.778
4000 0.770 0.793
5000 0.784 0.808
6000 0.783 0.790
7000 0.784 0.797
8000 0.808 0.792
9000 0.809 0.807
10000 0.818 0.814
11000 0.808 0.795
12000 0.807 0.805
13000 0.823 0.817
14000 0.824 0.806
15000 0.819 0.817
16000 0.830 0.812
17000 0.818 0.807
18000 0.826 0.808
19000 0.829 0.818
20000 0.832 0.823
21000 0.828 0.811
22000 0.826 0.806
23000 0.835 0.816
24000 0.834 0.813
25000 0.832 0.821
26000 0.840 0.818
27000 0.831 0.819
28000 0.828 0.812
29000 0.829 0.819
30000 0.839 0.818
31000 0.832 0.816
32000 0.832 0.818
33000 0.836 0.823
34000 0.840 0.819
35000 0.836 0.820
36000 0.842 0.816
37000 0.837 0.825
38000 0.837 0.818
39000 0.841 0.823
40000 0.845 0.825
41000 0.838 0.820
42000 0.834 0.825
43000 0.841 0.818
44000 0.846 0.822
45000 0.841 0.825
46000 0.843 0.825
47000 0.839 0.828
48000 0.839 0.825
49000 0.842 0.821
50000 0.843 0.816
51000 0.847 0.830
52000 0.840 0.826
53000 0.840 0.822
54000 0.844 0.824
55000 0.841 0.822
56000 0.846 0.822
57000 0.839 0.826
58000 0.846 0.827
59000 0.845 0.826
60000 0.843 0.822
61000 0.847 0.826
62000 0.841 0.822
63000 0.839 0.824
64000 0.848 0.829
65000 0.843 0.827
66000 0.847 0.827
67000 0.841 0.825
68000 0.846 0.824
69000 0.847 0.828
70000 0.841 0.815
71000 0.847 0.830
72000 0.846 0.827
73000 0.843 0.828
74000 0.844 0.826
75000 0.841 0.828
76000 0.848 0.827
77000 0.846 0.831
78000 0.848 0.830
79000 0.848 0.832
80000 0.843 0.829
81000 0.848 0.827
82000 0.848 0.829
83000 0.842 0.829
84000 0.846 0.827
85000 0.847 0.833
86000 0.842 0.817
87000 0.848 0.828
88000 0.849 0.835
89000 0.844 0.820
90000 0.845 0.829
91000 0.848 0.829
92000 0.846 0.832
93000 0.847 0.824
94000 0.843 0.829
95000 0.848 0.829
96000 0.846 0.830
97000 0.854 0.836
98000 0.847 0.835
99000 0.846 0.828
100000 0.847 0.832
101000 0.846 0.825
102000 0.843 0.834
103000 0.850 0.825
104000 0.848 0.831
105000 0.843 0.828
106000 0.845 0.833
107000 0.851 0.829
108000 0.850 0.834
109000 0.852 0.835
