1000 0.582 0.719
2000 0.659 0.736
3000 0.705 0.776
4000 0.707 0.779
5000 0.716 0.784
6000 0.749 0.779
7000 0.745 0.786
8000 0.748 0.773
9000 0.773 0.787
10000 0.785 0.780
11000 0.761 0.797
12000 0.779 0.801
13000 0.784 0.782
14000 0.785 0.788
15000 0.770 0.801
16000 0.782 0.801
17000 0.792 0.794
18000 0.789 0.785
19000 0.793 0.790
20000 0.795 0.799
21000 0.801 0.798
22000 0.777 0.797
23000 0.802 0.792
24000 0.803 0.795
25000 0.794 0.806
26000 0.804 0.809
27000 0.795 0.780
28000 0.794 0.810
29000 0.788 0.805
30000 0.803 0.810
31000 0.791 0.810
32000 0.802 0.799
33000 0.792 0.788
34000 0.806 0.796
35000 0.799 0.797
36000 0.795 0.804
37000 0.806 0.809
38000 0.798 0.801
39000 0.812 0.803
40000 0.783 0.798
41000 0.800 0.810
42000 0.788 0.808
43000 0.813 0.805
44000 0.808 0.807
45000 0.814 0.803
46000 0.814 0.813
47000 0.800 0.806
48000 0.808 0.807
49000 0.799 0.796
50000 0.805 0.813
51000 0.807 0.815
52000 0.811 0.812
53000 0.800 0.807
54000 0.811 0.806
55000 0.804 0.809
56000 0.818 0.811
57000 0.816 0.808
58000 0.815 0.815
59000 0.805 0.807
60000 0.814 0.815
61000 0.816 0.817
62000 0.816 0.816
63000 0.810 0.798
64000 0.813 0.810
65000 0.810 0.802
66000 0.812 0.809
67000 0.817 0.796
68000 0.814 0.805
69000 0.799 0.800
70000 0.815 0.810
71000 0.813 0.813
72000 0.816 0.814
73000 0.818 0.812
74000 0.815 0.807
75000 0.811 0.812
76000 0.797 0.788
77000 0.817 0.801
78000 0.811 0.814
79000 0.819 0.810
80000 0.807 0.803
81000 0.801 0.805
82000 0.817 0.804
83000 0.813 0.796
84000 0.819 0.806
85000 0.809 0.807
86000 0.813 0.815
87000 0.817 0.813
88000 0.820 0.815
89000 0.811 0.813
90000 0.820 0.806
91000 0.822 0.812
92000 0.823 0.803
93000 0.817 0.811
94000 0.824 0.818
95000 0.815 0.817
96000 0.808 0.818
97000 0.818 0.817
98000 0.820 0.813
99000 0.817 0.815
100000 0.820 0.802
101000 0.821 0.820
102000 0.821 0.812
103000 0.816 0.814
104000 0.813 0.809
105000 0.816 0.812
106000 0.827 0.808
107000 0.816 0.812
108000 0.824 0.816
109000 0.820 0.817
