1000 0.513 0.740
2000 0.592 0.739
3000 0.703 0.772
4000 0.729 0.787
5000 0.739 0.795
6000 0.727 0.792
7000 0.736 0.798
8000 0.783 0.786
9000 0.774 0.796
10000 0.768 0.790
11000 0.771 0.782
12000 0.777 0.799
13000 0.789 0.760
14000 0.777 0.804
15000 0.792 0.790
16000 0.787 0.797
17000 0.792 0.798
18000 0.795 0.798
19000 0.789 0.802
20000 0.793 0.798
21000 0.800 0.813
22000 0.799 0.804
23000 0.808 0.808
24000 0.786 0.800
25000 0.789 0.811
26000 0.795 0.797
27000 0.797 0.796
28000 0.790 0.801
29000 0.799 0.814
30000 0.800 0.811
31000 0.814 0.807
32000 0.784 0.785
33000 0.784 0.805
34000 0.815 0.811
35000 0.811 0.817
36000 0.810 0.818
37000 0.802 0.811
38000 0.800 0.819
39000 0.806 0.813
40000 0.814 0.815
41000 0.813 0.812
42000 0.818 0.798
43000 0.800 0.805
44000 0.801 0.815
45000 0.814 0.817
46000 0.820 0.806
47000 0.816 0.819
48000 0.810 0.806
49000 0.790 0.818
50000 0.799 0.811
51000 0.808 0.815
52000 0.811 0.809
53000 0.808 0.808
54000 0.808 0.816
55000 0.812 0.818
56000 0.820 0.814
57000 0.821 0.817
58000 0.821 0.814
59000 0.800 0.811
60000 0.806 0.810
61000 0.816 0.814
62000 0.816 0.809
63000 0.816 0.819
64000 0.815 0.818
65000 0.791 0.815
66000 0.815 0.803
67000 0.815 0.816
68000 0.808 0.821
69000 0.812 0.814
70000 0.808 0.812
71000 0.809 0.822
72000 0.812 0.815
73000 0.812 0.818
74000 0.813 0.821
75000 0.808 0.821
76000 0.809 0.822
77000 0.824 0.810
78000 0.823 0.820
79000 0.811 0.819
80000 0.801 0.820
81000 0.828 0.823
82000 0.814 0.820
83000 0.794 0.806
84000 0.821 0.808
85000 0.819 0.822
86000 0.818 0.806
87000 0.826 0.817
88000 0.826 0.825
89000 0.816 0.815
90000 0.819 0.821
91000 0.822 0.820
92000 0.823 0.818
93000 0.816 0.820
94000 0.818 0.803
95000 0.814 0.814
96000 0.821 0.821
97000 0.820 0.824
98000 0.810 0.821
99000 0.813 0.820
100000 0.825 0.819
101000 0.829 0.821
102000 0.822 0.821
103000 0.823 0.811
104000 0.813 0.813
105000 0.821 0.824
106000 0.818 0.822
107000 0.824 0.821
108000 0.829 0.824
109000 0.814 0.813
