1000 0.699 0.775
2000 0.735 0.769
3000 0.777 0.790
4000 0.771 0.789
5000 0.801 0.802
6000 0.792 0.789
7000 0.792 0.797
8000 0.809 0.788
9000 0.810 0.805
10000 0.816 0.805
11000 0.814 0.798
12000 0.807 0.793
13000 0.819 0.811
14000 0.817 0.809
15000 0.830 0.816
16000 0.828 0.810
17000 0.824 0.804
18000 0.834 0.804
19000 0.832 0.819
20000 0.829 0.817
21000 0.832 0.804
22000 0.826 0.793
23000 0.829 0.800
24000 0.836 0.810
25000 0.839 0.815
26000 0.840 0.816
27000 0.829 0.811
28000 0.825 0.810
29000 0.837 0.819
30000 0.831 0.814
31000 0.825 0.815
32000 0.836 0.812
33000 0.835 0.817
34000 0.832 0.817
35000 0.842 0.820
36000 0.843 0.820
37000 0.834 0.816
38000 0.836 0.815
39000 0.842 0.821
40000 0.838 0.824
41000 0.836 0.819
42000 0.833 0.798
43000 0.837 0.812
44000 0.843 0.818
45000 0.840 0.820
46000 0.841 0.821
47000 0.833 0.821
48000 0.841 0.827
49000 0.840 0.822
50000 0.836 0.820
51000 0.842 0.822
52000 0.830 0.809
53000 0.842 0.807
54000 0.838 0.824
55000 0.845 0.824
56000 0.847 0.826
57000 0.840 0.821
58000 0.847 0.827
59000 0.829 0.821
60000 0.837 0.824
61000 0.848 0.824
62000 0.845 0.825
63000 0.840 0.821
64000 0.840 0.824
65000 0.839 0.828
66000 0.846 0.828
67000 0.841 0.816
68000 0.847 0.823
69000 0.843 0.824
70000 0.838 0.819
71000 0.852 0.828
72000 0.843 0.827
73000 0.843 0.821
74000 0.844 0.822
75000 0.844 0.822
76000 0.846 0.823
77000 0.845 0.815
78000 0.846 0.823
79000 0.843 0.825
80000 0.841 0.826
81000 0.850 0.827
82000 0.846 0.823
83000 0.839 0.821
84000 0.845 0.825
85000 0.846 0.819
86000 0.843 0.822
87000 0.843 0.801
88000 0.842 0.823
89000 0.848 0.821
90000 0.848 0.826
91000 0.851 0.828
92000 0.843 0.811
93000 0.851 0.818
94000 0.847 0.826
95000 0.850 0.814
96000 0.842 0.828
97000 0.844 0.827
98000 0.842 0.825
99000 0.836 0.824
100000 0.843 0.822
101000 0.849 0.826
102000 0.844 0.826
103000 0.851 0.823
104000 0.847 0.825
105000 0.845 0.827
106000 0.846 0.826
107000 0.848 0.824
108000 0.847 0.826
109000 0.848 0.825
