1000 0.522 0.713
2000 0.604 0.739
3000 0.669 0.768
4000 0.698 0.773
5000 0.717 0.787
6000 0.712 0.772
7000 0.730 0.790
8000 0.748 0.774
9000 0.756 0.789
10000 0.765 0.797
11000 0.768 0.785
12000 0.769 0.779
13000 0.781 0.797
14000 0.787 0.793
15000 0.784 0.801
16000 0.792 0.799
17000 0.787 0.798
18000 0.798 0.792
19000 0.795 0.804
20000 0.800 0.807
21000 0.803 0.801
22000 0.799 0.785
23000 0.808 0.803
24000 0.809 0.798
25000 0.809 0.808
26000 0.816 0.803
27000 0.808 0.805
28000 0.816 0.799
29000 0.810 0.806
30000 0.817 0.810
31000 0.818 0.801
32000 0.819 0.807
33000 0.821 0.810
34000 0.822 0.808
35000 0.820 0.812
36000 0.830 0.805
37000 0.827 0.811
38000 0.828 0.809
39000 0.822 0.812
40000 0.829 0.814
41000 0.828 0.806
42000 0.823 0.812
43000 0.829 0.809
44000 0.832 0.812
45000 0.830 0.814
46000 0.835 0.812
47000 0.832 0.814
48000 0.832 0.814
49000 0.828 0.815
50000 0.831 0.814
51000 0.838 0.815
52000 0.832 0.816
53000 0.834 0.810
54000 0.832 0.815
55000 0.832 0.811
56000 0.841 0.809
57000 0.835 0.809
58000 0.839 0.814
59000 0.836 0.820
60000 0.835 0.813
61000 0.843 0.818
62000 0.835 0.814
63000 0.837 0.814
64000 0.843 0.820
65000 0.839 0.814
66000 0.844 0.819
67000 0.837 0.807
68000 0.842 0.811
69000 0.843 0.823
70000 0.837 0.811
71000 0.842 0.816
72000 0.840 0.819
73000 0.842 0.817
74000 0.844 0.816
75000 0.841 0.818
76000 0.847 0.824
77000 0.842 0.817
78000 0.848 0.822
79000 0.846 0.824
80000 0.838 0.814
81000 0.848 0.818
82000 0.843 0.819
83000 0.845 0.820
84000 0.844 0.817
85000 0.845 0.823
86000 0.846 0.813
87000 0.847 0.814
88000 0.850 0.823
89000 0.846 0.820
90000 0.846 0.817
91000 0.849 0.821
92000 0.847 0.822
93000 0.848 0.822
94000 0.844 0.818
95000 0.846 0.822
96000 0.848 0.824
97000 0.850 0.827
98000 0.851 0.826
99000 0.849 0.823
100000 0.848 0.822
101000 0.845 0.818
102000 0.847 0.822
103000 0.850 0.824
104000 0.850 0.820
105000 0.848 0.819
106000 0.845 0.820
107000 0.851 0.825
108000 0.855 0.828
109000 0.857 0.827
