1000 0.628
2000 0.686
3000 0.748
4000 0.767
5000 0.789
6000 0.793
7000 0.797
8000 0.821
9000 0.827
10000 0.834
11000 0.833
12000 0.832
13000 0.844
14000 0.844
15000 0.848
16000 0.850
17000 0.844
18000 0.855
19000 0.857
20000 0.857
21000 0.859
22000 0.859
23000 0.863
24000 0.864
25000 0.862
26000 0.866
27000 0.859
28000 0.865
29000 0.860
30000 0.869
31000 0.868
32000 0.868
33000 0.869
34000 0.872
35000 0.869
36000 0.873
37000 0.869
38000 0.872
39000 0.872
40000 0.874
41000 0.873
42000 0.871
43000 0.874
44000 0.876
45000 0.874
46000 0.876
47000 0.874
48000 0.874
49000 0.875
50000 0.877
51000 0.879
52000 0.876
53000 0.876
54000 0.876
55000 0.875
56000 0.877
57000 0.877
58000 0.877
59000 0.878
