1000 0.612
2000 0.662
3000 0.735
4000 0.757
5000 0.778
6000 0.786
7000 0.777
8000 0.803
9000 0.822
10000 0.822
11000 0.829
12000 0.823
13000 0.830
14000 0.837
15000 0.835
16000 0.844
17000 0.835
18000 0.847
19000 0.849
20000 0.851
21000 0.853
22000 0.852
23000 0.854
24000 0.858
25000 0.854
26000 0.860
27000 0.852
28000 0.849
29000 0.853
30000 0.858
31000 0.857
32000 0.863
33000 0.860
34000 0.863
35000 0.863
36000 0.865
37000 0.860
38000 0.864
39000 0.862
40000 0.870
41000 0.859
42000 0.865
43000 0.867
44000 0.872
45000 0.867
46000 0.867
47000 0.869
48000 0.869
49000 0.872
50000 0.872
51000 0.871
52000 0.869
53000 0.870
54000 0.871
55000 0.870
56000 0.871
57000 0.869
58000 0.873
59000 0.873
