1000 0.608
2000 0.652
3000 0.736
4000 0.756
5000 0.768
6000 0.791
7000 0.778
8000 0.809
9000 0.822
10000 0.823
11000 0.829
12000 0.825
13000 0.833
14000 0.840
15000 0.840
16000 0.843
17000 0.838
18000 0.845
19000 0.851
20000 0.847
21000 0.854
22000 0.852
23000 0.858
24000 0.855
25000 0.852
26000 0.856
27000 0.852
28000 0.850
29000 0.856
30000 0.862
31000 0.858
32000 0.861
33000 0.864
34000 0.863
35000 0.860
36000 0.866
37000 0.861
38000 0.869
39000 0.866
40000 0.867
41000 0.851
42000 0.865
43000 0.866
44000 0.870
45000 0.868
46000 0.866
47000 0.866
48000 0.871
49000 0.867
50000 0.869
51000 0.870
52000 0.869
53000 0.869
54000 0.871
55000 0.875
56000 0.871
57000 0.871
58000 0.874
59000 0.871
