1000 0.666
2000 0.693
3000 0.755
4000 0.777
5000 0.794
6000 0.799
7000 0.801
8000 0.822
9000 0.826
10000 0.834
11000 0.831
12000 0.830
13000 0.843
14000 0.846
15000 0.845
16000 0.850
17000 0.845
18000 0.855
19000 0.854
20000 0.858
21000 0.857
22000 0.857
23000 0.860
24000 0.862
25000 0.860
26000 0.865
27000 0.859
28000 0.863
29000 0.857
30000 0.870
31000 0.867
32000 0.868
33000 0.872
34000 0.871
35000 0.871
36000 0.876
37000 0.871
38000 0.874
39000 0.868
40000 0.875
41000 0.871
42000 0.871
43000 0.876
44000 0.875
45000 0.877
46000 0.878
47000 0.872
48000 0.876
49000 0.873
50000 0.876
51000 0.878
52000 0.877
53000 0.877
54000 0.873
55000 0.878
56000 0.880
57000 0.875
58000 0.878
59000 0.876
