1000 0.589
2000 0.673
3000 0.736
4000 0.758
5000 0.771
6000 0.778
7000 0.776
8000 0.809
9000 0.820
10000 0.827
11000 0.827
12000 0.828
13000 0.835
14000 0.841
15000 0.835
16000 0.845
17000 0.836
18000 0.849
19000 0.850
20000 0.849
21000 0.856
22000 0.848
23000 0.857
24000 0.856
25000 0.853
26000 0.857
27000 0.849
28000 0.859
29000 0.855
30000 0.857
31000 0.864
32000 0.861
33000 0.864
34000 0.863
35000 0.859
36000 0.864
37000 0.860
38000 0.864
39000 0.865
40000 0.866
41000 0.860
42000 0.866
43000 0.870
44000 0.868
45000 0.868
46000 0.865
47000 0.868
48000 0.869
49000 0.865
50000 0.866
51000 0.871
52000 0.867
53000 0.872
54000 0.864
55000 0.872
56000 0.870
57000 0.868
58000 0.870
59000 0.874
