1000 0.592
2000 0.671
3000 0.739
4000 0.758
5000 0.770
6000 0.787
7000 0.775
8000 0.804
9000 0.822
10000 0.825
11000 0.830
12000 0.827
13000 0.836
14000 0.839
15000 0.841
16000 0.846
17000 0.841
18000 0.847
19000 0.848
20000 0.848
21000 0.852
22000 0.850
23000 0.852
24000 0.858
25000 0.853
26000 0.859
27000 0.854
28000 0.855
29000 0.858
30000 0.862
31000 0.857
32000 0.863
33000 0.864
34000 0.868
35000 0.861
36000 0.869
37000 0.868
38000 0.866
39000 0.867
40000 0.871
41000 0.862
42000 0.864
43000 0.870
44000 0.873
45000 0.872
46000 0.872
47000 0.869
48000 0.871
49000 0.868
50000 0.874
51000 0.873
52000 0.871
53000 0.871
54000 0.871
55000 0.873
56000 0.873
57000 0.872
58000 0.874
59000 0.870
