1000 0.599
2000 0.683
3000 0.732
4000 0.755
5000 0.776
6000 0.771
7000 0.769
8000 0.794
9000 0.806
10000 0.811
11000 0.815
12000 0.814
13000 0.821
14000 0.829
15000 0.828
16000 0.835
17000 0.826
18000 0.837
19000 0.847
20000 0.845
21000 0.848
22000 0.846
23000 0.853
24000 0.854
25000 0.849
26000 0.857
27000 0.852
28000 0.852
29000 0.845
30000 0.854
31000 0.853
32000 0.854
33000 0.857
34000 0.864
35000 0.853
36000 0.863
37000 0.860
38000 0.860
39000 0.862
40000 0.863
41000 0.861
42000 0.862
43000 0.866
44000 0.865
45000 0.864
46000 0.867
47000 0.867
48000 0.859
49000 0.864
50000 0.867
51000 0.869
52000 0.867
53000 0.866
54000 0.862
55000 0.861
56000 0.868
57000 0.867
58000 0.867
59000 0.869
