1000 0.689
2000 0.713
3000 0.762
4000 0.783
5000 0.795
6000 0.795
7000 0.794
8000 0.817
9000 0.821
10000 0.830
11000 0.826
12000 0.829
13000 0.834
14000 0.840
15000 0.837
16000 0.842
17000 0.836
18000 0.848
19000 0.846
20000 0.849
21000 0.852
22000 0.852
23000 0.856
24000 0.859
25000 0.857
26000 0.863
27000 0.850
28000 0.858
29000 0.851
30000 0.863
31000 0.858
32000 0.860
33000 0.864
34000 0.865
35000 0.863
36000 0.869
37000 0.862
38000 0.866
39000 0.866
40000 0.868
41000 0.867
42000 0.857
43000 0.869
44000 0.869
45000 0.869
46000 0.868
47000 0.865
48000 0.867
49000 0.868
50000 0.871
51000 0.873
52000 0.868
53000 0.871
54000 0.869
55000 0.870
56000 0.874
57000 0.868
58000 0.871
59000 0.871
