1000 0.594
2000 0.663
3000 0.725
4000 0.748
5000 0.771
6000 0.778
7000 0.778
8000 0.807
9000 0.816
10000 0.825
11000 0.825
12000 0.823
13000 0.833
14000 0.834
15000 0.831
16000 0.837
17000 0.834
18000 0.846
19000 0.842
20000 0.843
21000 0.850
22000 0.843
23000 0.848
24000 0.852
25000 0.848
26000 0.845
27000 0.847
28000 0.846
29000 0.849
30000 0.855
31000 0.855
32000 0.854
33000 0.860
34000 0.863
35000 0.854
36000 0.861
37000 0.862
38000 0.859
39000 0.865
40000 0.864
41000 0.862
42000 0.859
43000 0.866
44000 0.865
45000 0.863
46000 0.865
47000 0.863
48000 0.860
49000 0.864
50000 0.869
51000 0.869
52000 0.869
53000 0.871
54000 0.864
55000 0.868
56000 0.870
57000 0.867
58000 0.865
59000 0.866
