1000 0.591
2000 0.670
3000 0.724
4000 0.742
5000 0.761
6000 0.764
7000 0.767
8000 0.797
9000 0.801
10000 0.803
11000 0.810
12000 0.807
13000 0.811
14000 0.820
15000 0.821
16000 0.825
17000 0.826
18000 0.829
19000 0.828
20000 0.829
21000 0.834
22000 0.833
23000 0.835
24000 0.837
25000 0.836
26000 0.839
27000 0.832
28000 0.832
29000 0.832
30000 0.841
31000 0.838
32000 0.843
33000 0.844
34000 0.846
35000 0.841
36000 0.849
37000 0.843
38000 0.845
39000 0.845
40000 0.850
41000 0.846
42000 0.843
43000 0.849
44000 0.851
45000 0.850
46000 0.852
47000 0.848
48000 0.850
49000 0.851
50000 0.854
51000 0.854
52000 0.848
53000 0.851
54000 0.854
55000 0.852
56000 0.854
57000 0.851
58000 0.855
59000 0.850
