1000 0.689
2000 0.709
3000 0.764
4000 0.782
5000 0.791
6000 0.796
7000 0.795
8000 0.818
9000 0.817
10000 0.830
11000 0.830
12000 0.828
13000 0.838
14000 0.842
15000 0.838
16000 0.844
17000 0.841
18000 0.847
19000 0.847
20000 0.850
21000 0.849
22000 0.850
23000 0.853
24000 0.854
25000 0.850
26000 0.859
27000 0.853
28000 0.854
29000 0.851
30000 0.859
31000 0.854
32000 0.855
33000 0.859
34000 0.859
35000 0.856
36000 0.865
37000 0.862
38000 0.860
39000 0.858
40000 0.867
41000 0.863
42000 0.861
43000 0.866
44000 0.866
45000 0.866
46000 0.870
47000 0.867
48000 0.866
49000 0.865
50000 0.869
51000 0.869
52000 0.869
53000 0.868
54000 0.866
55000 0.867
56000 0.873
57000 0.868
58000 0.871
59000 0.867
