1000 0.562
2000 0.662
3000 0.741
4000 0.760
5000 0.779
6000 0.788
7000 0.783
8000 0.800
9000 0.816
10000 0.824
11000 0.826
12000 0.828
13000 0.835
14000 0.833
15000 0.836
16000 0.844
17000 0.841
18000 0.841
19000 0.846
20000 0.848
21000 0.849
22000 0.848
23000 0.852
24000 0.850
25000 0.856
26000 0.857
27000 0.855
28000 0.856
29000 0.856
30000 0.864
31000 0.857
32000 0.863
33000 0.863
34000 0.861
35000 0.860
36000 0.868
37000 0.864
38000 0.869
39000 0.867
40000 0.870
41000 0.866
42000 0.864
43000 0.870
44000 0.872
45000 0.869
46000 0.871
47000 0.867
48000 0.873
49000 0.871
50000 0.869
51000 0.874
52000 0.870
53000 0.869
54000 0.874
55000 0.873
56000 0.871
57000 0.872
58000 0.877
59000 0.874
