1000 0.608 0.756
2000 0.652 0.729
3000 0.736 0.776
4000 0.756 0.791
5000 0.768 0.800
6000 0.791 0.791
7000 0.778 0.793
8000 0.809 0.791
9000 0.822 0.809
10000 0.823 0.806
11000 0.829 0.812
12000 0.825 0.803
13000 0.833 0.818
14000 0.840 0.807
15000 0.840 0.825
16000 0.843 0.824
17000 0.838 0.815
18000 0.845 0.820
19000 0.851 0.829
20000 0.847 0.825
21000 0.854 0.831
22000 0.852 0.828
23000 0.858 0.827
24000 0.855 0.815
25000 0.852 0.832
26000 0.856 0.832
27000 0.852 0.836
28000 0.850 0.828
29000 0.856 0.836
30000 0.862 0.836
31000 0.858 0.828
32000 0.861 0.839
33000 0.864 0.835
34000 0.863 0.833
35000 0.860 0.841
36000 0.866 0.837
37000 0.861 0.836
38000 0.869 0.840
39000 0.866 0.841
40000 0.867 0.842
41000 0.851 0.836
42000 0.865 0.841
43000 0.866 0.832
44000 0.870 0.838
45000 0.868 0.846
46000 0.866 0.844
47000 0.866 0.846
48000 0.871 0.841
49000 0.867 0.842
50000 0.869 0.839
51000 0.870 0.846
52000 0.869 0.847
53000 0.869 0.840
54000 0.871 0.841
55000 0.875 0.847
56000 0.871 0.847
57000 0.871 0.843
58000 0.874 0.847
59000 0.871 0.848
