1000 0.589 0.748
2000 0.673 0.732
3000 0.736 0.781
4000 0.758 0.790
5000 0.771 0.809
6000 0.778 0.796
7000 0.776 0.798
8000 0.809 0.791
9000 0.820 0.812
10000 0.827 0.816
11000 0.827 0.811
12000 0.828 0.809
13000 0.835 0.819
14000 0.841 0.814
15000 0.835 0.824
16000 0.845 0.823
17000 0.836 0.818
18000 0.849 0.820
19000 0.850 0.828
20000 0.849 0.828
21000 0.856 0.830
22000 0.848 0.820
23000 0.857 0.826
24000 0.856 0.818
25000 0.853 0.834
26000 0.857 0.827
27000 0.849 0.835
28000 0.859 0.829
29000 0.855 0.835
30000 0.857 0.829
31000 0.864 0.835
32000 0.861 0.830
33000 0.864 0.837
34000 0.863 0.834
35000 0.859 0.838
36000 0.864 0.836
37000 0.860 0.841
38000 0.864 0.841
39000 0.865 0.844
40000 0.866 0.837
41000 0.860 0.836
42000 0.866 0.832
43000 0.870 0.840
44000 0.868 0.841
45000 0.868 0.846
46000 0.865 0.842
47000 0.868 0.841
48000 0.869 0.843
49000 0.865 0.840
50000 0.866 0.840
51000 0.871 0.843
52000 0.867 0.838
53000 0.872 0.841
54000 0.864 0.839
55000 0.872 0.838
56000 0.870 0.840
57000 0.868 0.837
58000 0.870 0.845
59000 0.874 0.848
