1000 0.628 0.762
2000 0.686 0.757
3000 0.748 0.780
4000 0.767 0.796
5000 0.789 0.814
6000 0.793 0.794
7000 0.797 0.800
8000 0.821 0.794
9000 0.827 0.814
10000 0.834 0.824
11000 0.833 0.814
12000 0.832 0.815
13000 0.844 0.824
14000 0.844 0.818
15000 0.848 0.829
16000 0.850 0.827
17000 0.844 0.823
18000 0.855 0.824
19000 0.857 0.830
20000 0.857 0.836
21000 0.859 0.833
22000 0.859 0.830
23000 0.863 0.833
24000 0.864 0.827
25000 0.862 0.836
26000 0.866 0.839
27000 0.859 0.837
28000 0.865 0.830
29000 0.860 0.836
30000 0.869 0.839
31000 0.868 0.834
32000 0.868 0.839
33000 0.869 0.834
34000 0.872 0.839
35000 0.869 0.844
36000 0.873 0.842
37000 0.869 0.844
38000 0.872 0.838
39000 0.872 0.842
40000 0.874 0.846
41000 0.873 0.844
42000 0.871 0.842
43000 0.874 0.841
44000 0.876 0.844
45000 0.874 0.846
46000 0.876 0.848
47000 0.874 0.847
48000 0.874 0.843
49000 0.875 0.844
50000 0.877 0.845
51000 0.879 0.848
52000 0.876 0.845
53000 0.876 0.846
54000 0.876 0.845
55000 0.875 0.843
56000 0.877 0.848
57000 0.877 0.849
58000 0.877 0.848
59000 0.878 0.848
