1000 0.612 0.756
2000 0.662 0.702
3000 0.735 0.775
4000 0.757 0.792
5000 0.778 0.805
6000 0.786 0.788
7000 0.777 0.795
8000 0.803 0.782
9000 0.822 0.813
10000 0.822 0.815
11000 0.829 0.812
12000 0.823 0.810
13000 0.830 0.816
14000 0.837 0.815
15000 0.835 0.822
16000 0.844 0.821
17000 0.835 0.820
18000 0.847 0.815
19000 0.849 0.832
20000 0.851 0.835
21000 0.853 0.830
22000 0.852 0.832
23000 0.854 0.831
24000 0.858 0.826
25000 0.854 0.833
26000 0.860 0.824
27000 0.852 0.838
28000 0.849 0.823
29000 0.853 0.837
30000 0.858 0.838
31000 0.857 0.830
32000 0.863 0.839
33000 0.860 0.829
34000 0.863 0.838
35000 0.863 0.842
36000 0.865 0.827
37000 0.860 0.841
38000 0.864 0.840
39000 0.862 0.844
40000 0.870 0.846
41000 0.859 0.842
42000 0.865 0.836
43000 0.867 0.836
44000 0.872 0.841
45000 0.867 0.847
46000 0.867 0.844
47000 0.869 0.846
48000 0.869 0.845
49000 0.872 0.849
50000 0.872 0.843
51000 0.871 0.849
52000 0.869 0.841
53000 0.870 0.836
54000 0.871 0.844
55000 0.870 0.845
56000 0.871 0.848
57000 0.869 0.843
58000 0.873 0.843
59000 0.873 0.851
