1000 0.592 0.757
2000 0.671 0.735
3000 0.739 0.781
4000 0.758 0.791
5000 0.770 0.805
6000 0.787 0.787
7000 0.775 0.794
8000 0.804 0.789
9000 0.822 0.812
10000 0.825 0.811
11000 0.830 0.811
12000 0.827 0.807
13000 0.836 0.823
14000 0.839 0.809
15000 0.841 0.823
16000 0.846 0.824
17000 0.841 0.816
18000 0.847 0.819
19000 0.848 0.830
20000 0.848 0.833
21000 0.852 0.830
22000 0.850 0.823
23000 0.852 0.828
24000 0.858 0.819
25000 0.853 0.836
26000 0.859 0.830
27000 0.854 0.835
28000 0.855 0.827
29000 0.858 0.836
30000 0.862 0.835
31000 0.857 0.833
32000 0.863 0.833
33000 0.864 0.835
34000 0.868 0.833
35000 0.861 0.840
36000 0.869 0.832
37000 0.868 0.840
38000 0.866 0.840
39000 0.867 0.840
40000 0.871 0.846
41000 0.862 0.844
42000 0.864 0.838
43000 0.870 0.836
44000 0.873 0.838
45000 0.872 0.843
46000 0.872 0.842
47000 0.869 0.839
48000 0.871 0.844
49000 0.868 0.842
50000 0.874 0.845
51000 0.873 0.851
52000 0.871 0.844
53000 0.871 0.839
54000 0.871 0.836
55000 0.873 0.840
56000 0.873 0.843
57000 0.872 0.841
58000 0.874 0.850
59000 0.870 0.847
