1000 0.666 0.764
2000 0.693 0.757
3000 0.755 0.784
4000 0.777 0.797
5000 0.794 0.810
6000 0.799 0.795
7000 0.801 0.804
8000 0.822 0.795
9000 0.826 0.818
10000 0.834 0.822
11000 0.831 0.817
12000 0.830 0.808
13000 0.843 0.827
14000 0.846 0.816
15000 0.845 0.827
16000 0.850 0.826
17000 0.845 0.826
18000 0.855 0.826
19000 0.854 0.833
20000 0.858 0.837
21000 0.857 0.827
22000 0.857 0.825
23000 0.860 0.833
24000 0.862 0.827
25000 0.860 0.838
26000 0.865 0.832
27000 0.859 0.839
28000 0.863 0.830
29000 0.857 0.839
30000 0.870 0.838
31000 0.867 0.835
32000 0.868 0.837
33000 0.872 0.836
34000 0.871 0.840
35000 0.871 0.844
36000 0.876 0.839
37000 0.871 0.841
38000 0.874 0.837
39000 0.868 0.847
40000 0.875 0.843
41000 0.871 0.844
42000 0.871 0.838
43000 0.876 0.842
44000 0.875 0.845
45000 0.877 0.847
46000 0.878 0.845
47000 0.872 0.847
48000 0.876 0.845
49000 0.873 0.846
50000 0.876 0.841
51000 0.878 0.849
52000 0.877 0.844
53000 0.877 0.843
54000 0.873 0.842
55000 0.878 0.845
56000 0.880 0.845
57000 0.875 0.849
58000 0.878 0.847
59000 0.876 0.849
