1000 0.599 0.755
2000 0.683 0.736
3000 0.732 0.788
4000 0.755 0.791
5000 0.776 0.804
6000 0.771 0.795
7000 0.769 0.795
8000 0.794 0.785
9000 0.806 0.811
10000 0.811 0.813
11000 0.815 0.809
12000 0.814 0.805
13000 0.821 0.814
14000 0.829 0.815
15000 0.828 0.821
16000 0.835 0.821
17000 0.826 0.818
18000 0.837 0.820
19000 0.847 0.826
20000 0.845 0.825
21000 0.848 0.821
22000 0.846 0.822
23000 0.853 0.827
24000 0.854 0.823
25000 0.849 0.831
26000 0.857 0.826
27000 0.852 0.834
28000 0.852 0.827
29000 0.845 0.834
30000 0.854 0.833
31000 0.853 0.829
32000 0.854 0.833
33000 0.857 0.830
34000 0.864 0.830
35000 0.853 0.833
36000 0.863 0.834
37000 0.860 0.838
38000 0.860 0.840
39000 0.862 0.840
40000 0.863 0.843
41000 0.861 0.839
42000 0.862 0.838
43000 0.866 0.836
44000 0.865 0.837
45000 0.864 0.841
46000 0.867 0.839
47000 0.867 0.840
48000 0.859 0.840
49000 0.864 0.837
50000 0.867 0.841
51000 0.869 0.839
52000 0.867 0.838
53000 0.866 0.835
54000 0.862 0.836
55000 0.861 0.833
56000 0.868 0.837
57000 0.867 0.842
58000 0.867 0.843
59000 0.869 0.845
