1000 0.562 0.754
2000 0.662 0.737
3000 0.741 0.779
4000 0.760 0.792
5000 0.779 0.806
6000 0.788 0.776
7000 0.783 0.794
8000 0.800 0.792
9000 0.816 0.812
10000 0.824 0.814
11000 0.826 0.811
12000 0.828 0.806
13000 0.835 0.816
14000 0.833 0.816
15000 0.836 0.815
16000 0.844 0.819
17000 0.841 0.818
18000 0.841 0.818
19000 0.846 0.832
20000 0.848 0.832
21000 0.849 0.825
22000 0.848 0.824
23000 0.852 0.828
24000 0.850 0.819
25000 0.856 0.830
26000 0.857 0.826
27000 0.855 0.834
28000 0.856 0.821
29000 0.856 0.829
30000 0.864 0.838
31000 0.857 0.824
32000 0.863 0.836
33000 0.863 0.833
34000 0.861 0.824
35000 0.860 0.835
36000 0.868 0.833
37000 0.864 0.839
38000 0.869 0.840
39000 0.867 0.836
40000 0.870 0.841
41000 0.866 0.835
42000 0.864 0.836
43000 0.870 0.837
44000 0.872 0.837
45000 0.869 0.842
46000 0.871 0.839
47000 0.867 0.842
48000 0.873 0.841
49000 0.871 0.835
50000 0.869 0.836
51000 0.874 0.839
52000 0.870 0.843
53000 0.869 0.835
54000 0.874 0.840
55000 0.873 0.843
56000 0.871 0.844
57000 0.872 0.841
58000 0.877 0.843
59000 0.874 0.843
