1000 0.689 0.770
2000 0.713 0.760
3000 0.762 0.785
4000 0.783 0.797
5000 0.795 0.811
6000 0.795 0.796
7000 0.794 0.803
8000 0.817 0.791
9000 0.821 0.815
10000 0.830 0.821
11000 0.826 0.813
12000 0.829 0.806
13000 0.834 0.824
14000 0.840 0.813
15000 0.837 0.824
16000 0.842 0.829
17000 0.836 0.825
18000 0.848 0.824
19000 0.846 0.833
20000 0.849 0.834
21000 0.852 0.827
22000 0.852 0.822
23000 0.856 0.831
24000 0.859 0.821
25000 0.857 0.831
26000 0.863 0.836
27000 0.850 0.838
28000 0.858 0.829
29000 0.851 0.837
30000 0.863 0.838
31000 0.858 0.828
32000 0.860 0.836
33000 0.864 0.831
34000 0.865 0.835
35000 0.863 0.835
36000 0.869 0.841
37000 0.862 0.841
38000 0.866 0.838
39000 0.866 0.842
40000 0.868 0.838
41000 0.867 0.839
42000 0.857 0.835
43000 0.869 0.838
44000 0.869 0.841
45000 0.869 0.842
46000 0.868 0.843
47000 0.865 0.842
48000 0.867 0.840
49000 0.868 0.843
50000 0.871 0.837
51000 0.873 0.844
52000 0.868 0.840
53000 0.871 0.841
54000 0.869 0.842
55000 0.870 0.839
56000 0.874 0.844
57000 0.868 0.845
58000 0.871 0.843
59000 0.871 0.846
