1000 0.594 0.749
2000 0.663 0.737
3000 0.725 0.773
4000 0.748 0.789
5000 0.771 0.804
6000 0.778 0.792
7000 0.778 0.792
8000 0.807 0.787
9000 0.816 0.807
10000 0.825 0.815
11000 0.825 0.809
12000 0.823 0.815
13000 0.833 0.819
14000 0.834 0.809
15000 0.831 0.820
16000 0.837 0.817
17000 0.834 0.812
18000 0.846 0.822
19000 0.842 0.829
20000 0.843 0.829
21000 0.850 0.830
22000 0.843 0.824
23000 0.848 0.824
24000 0.852 0.811
25000 0.848 0.829
26000 0.845 0.823
27000 0.847 0.832
28000 0.846 0.823
29000 0.849 0.834
30000 0.855 0.833
31000 0.855 0.830
32000 0.854 0.835
33000 0.860 0.831
34000 0.863 0.828
35000 0.854 0.832
36000 0.861 0.828
37000 0.862 0.834
38000 0.859 0.834
39000 0.865 0.838
40000 0.864 0.839
41000 0.862 0.837
42000 0.859 0.840
43000 0.866 0.833
44000 0.865 0.834
45000 0.863 0.840
46000 0.865 0.836
47000 0.863 0.839
48000 0.860 0.839
49000 0.864 0.838
50000 0.869 0.836
51000 0.869 0.842
52000 0.869 0.841
53000 0.871 0.835
54000 0.864 0.835
55000 0.868 0.833
56000 0.870 0.838
57000 0.867 0.839
58000 0.865 0.844
59000 0.866 0.844
