1000 0.689 0.774
2000 0.709 0.758
3000 0.764 0.780
4000 0.782 0.798
5000 0.791 0.810
6000 0.796 0.795
7000 0.795 0.799
8000 0.818 0.794
9000 0.817 0.813
10000 0.830 0.822
11000 0.830 0.817
12000 0.828 0.805
13000 0.838 0.824
14000 0.842 0.815
15000 0.838 0.825
16000 0.844 0.823
17000 0.841 0.820
18000 0.847 0.817
19000 0.847 0.828
20000 0.850 0.834
21000 0.849 0.830
22000 0.850 0.822
23000 0.853 0.831
24000 0.854 0.819
25000 0.850 0.834
26000 0.859 0.829
27000 0.853 0.833
28000 0.854 0.827
29000 0.851 0.833
30000 0.859 0.837
31000 0.854 0.827
32000 0.855 0.833
33000 0.859 0.834
34000 0.859 0.832
35000 0.856 0.840
36000 0.865 0.836
37000 0.862 0.839
38000 0.860 0.835
39000 0.858 0.840
40000 0.867 0.841
41000 0.863 0.837
42000 0.861 0.835
43000 0.866 0.837
44000 0.866 0.839
45000 0.866 0.843
46000 0.870 0.843
47000 0.867 0.842
48000 0.866 0.842
49000 0.865 0.841
50000 0.869 0.840
51000 0.869 0.842
52000 0.869 0.844
53000 0.868 0.838
54000 0.866 0.838
55000 0.867 0.838
56000 0.873 0.842
57000 0.868 0.842
58000 0.871 0.844
59000 0.867 0.845
