1000 0.591 0.760
2000 0.670 0.736
3000 0.724 0.778
4000 0.742 0.790
5000 0.761 0.804
6000 0.764 0.787
7000 0.767 0.795
8000 0.797 0.788
9000 0.801 0.811
10000 0.803 0.814
11000 0.810 0.812
12000 0.807 0.811
13000 0.811 0.821
14000 0.820 0.806
15000 0.821 0.822
16000 0.825 0.825
17000 0.826 0.816
18000 0.829 0.819
19000 0.828 0.828
20000 0.829 0.827
21000 0.834 0.826
22000 0.833 0.822
23000 0.835 0.831
24000 0.837 0.809
25000 0.836 0.830
26000 0.839 0.829
27000 0.832 0.828
28000 0.832 0.825
29000 0.832 0.835
30000 0.841 0.830
31000 0.838 0.827
32000 0.843 0.836
33000 0.844 0.835
34000 0.846 0.832
35000 0.841 0.836
36000 0.849 0.833
37000 0.843 0.834
38000 0.845 0.833
39000 0.845 0.839
40000 0.850 0.837
41000 0.846 0.832
42000 0.843 0.834
43000 0.849 0.836
44000 0.851 0.840
45000 0.850 0.843
46000 0.852 0.839
47000 0.848 0.840
48000 0.850 0.838
49000 0.851 0.841
50000 0.854 0.837
51000 0.854 0.844
52000 0.848 0.837
53000 0.851 0.840
54000 0.854 0.843
55000 0.852 0.840
56000 0.854 0.842
57000 0.851 0.845
58000 0.855 0.841
59000 0.850 0.847
