1000 0.50024190306160699
2000 0.61995325478865848
3000 0.66780917596233125
4000 0.69238788985574407
5000 0.71274181788447255
6000 0.72578414069899766
7000 0.7364755746049485
8000 0.74789612478109468
9000 0.75113967005785232
10000 0.75144630774157939
11000 0.75139860854633289
12000 0.75907817898100893
13000 0.75954154259197426
14000 0.76381402765190487
15000 0.76719385634365223
16000 0.76889739903102494
17000 0.77199103255129364
18000 0.77519369280355432
19000 0.77784440522510612
20000 0.77776263517611222
21000 0.77966378881522014
22000 0.78037246257316717
23000 0.78039290508541559
24000 0.78074724196438916
25000 0.78149680074683314
26000 0.78403848643639318
27000 0.78317990092195733
28000 0.78396353055814871
29000 0.7847471601943401
30000 0.78509468290256423
31000 0.78527866551280046
32000 0.78514919626856006
33000 0.78587831253875562
34000 0.78535362139104481
35000 0.78489025778007948
36000 0.78540813475704074
37000 0.78559211736727697
38000 0.78578972831901228
39000 0.78554441817203058
40000 0.78673008388244192
