1000 0.53143717675277502
2000 0.66419085129435174
3000 0.71154933800331166
4000 0.73646194626344941
5000 0.75019250032367313
6000 0.76064543825339181
7000 0.76704394458716352
8000 0.76949704605698011
9000 0.77257023706500039
10000 0.77347652177468262
11000 0.77501652436406754
12000 0.77590236656150124
13000 0.77458723160684961
14000 0.77465537331434453
15000 0.77438280648436486
16000 0.774634930802096
17000 0.77440324899661339
18000 0.77650882775820596
19000 0.77897555756952164
20000 0.77881883164228327
