1000 0.54515410247149976
2000 0.65103268757708532
3000 0.70769933152984943
4000 0.7290958276832501
5000 0.74638337887470785
6000 0.75496923401906602
7000 0.7611837577426015
8000 0.76628075746322055
9000 0.76819553944382735
10000 0.76686677614767673
11000 0.76989908213120006
12000 0.77109837618311039
13000 0.76925855008074795
14000 0.76538810109503719
15000 0.76111561603510658
16000 0.76519049014330198
17000 0.76594004892574596
18000 0.76616491656047914
19000 0.766648722683693
20000 0.76985138293595368
21000 0.770689525938141
22000 0.76985138293595368
23000 0.76912908083650766
24000 0.76964695781346892
25000 0.77043058744966031
26000 0.77086669437762767
27000 0.76945616103248315
28000 0.7698718254482021
29000 0.77083262352388027
30000 0.76957200193522446
31000 0.76849536295680498
32000 0.76814102607783141
33000 0.77248165284525694
34000 0.77055324252315116
35000 0.77207280260028754
36000 0.77100297779261751
37000 0.77445776236260921
38000 0.77592280907374978
39000 0.7746008599483486
40000 0.77611360585473554
