1000 0.55217951251422459
2000 0.65482818068455162
3000 0.6922652347822531
4000 0.7206530701246312
5000 0.73742274433912769
6000 0.74322841781769367
7000 0.75094887327686655
8000 0.75612082887572996
9000 0.7590577364687604
10000 0.75981410942195393
11000 0.76141543954808422
12000 0.76667597936669096
13000 0.76570155294951381
14000 0.76198782989104141
15000 0.76081579252212905
16000 0.76276464535648336
17000 0.76392986855464629
18000 0.76412747950638149
19000 0.76386172684715137
20000 0.76631482831696796
21000 0.76806607019958706
22000 0.77012394976593324
23000 0.77139819969608792
24000 0.77435554980136689
25000 0.7741443105081327
26000 0.7749620109980716
27000 0.77713573146715909
28000 0.77583422485400644
29000 0.77649519941670697
30000 0.77652245609970494
31000 0.77844405225106128
32000 0.77868254822729344
33000 0.7783486538605684
34000 0.7796092754492242
35000 0.77909139847226294
36000 0.77850537978780676
37000 0.78052237432965599
38000 0.78057688769565181
39000 0.77915954017975786
40000 0.78052918850040542
