1000 0.57510919708626052
2000 0.65232056584873899
3000 0.68954638065320639
4000 0.71251695024973938
5000 0.73099016715160847
6000 0.74455718111384428
7000 0.75266604430573825
8000 0.75758587558687052
9000 0.75901003727351402
10000 0.762969070478968
11000 0.76472031236158711
12000 0.76668279353744051
13000 0.76508146341131011
14000 0.76568111043726539
15000 0.76453632975135088
16000 0.76596730560874393
17000 0.76729606890489466
18000 0.76839315039556255
19000 0.76883607149427946
20000 0.77150041225733035
21000 0.77214094430778246
22000 0.77251572369900445
23000 0.77287687474872746
24000 0.77261112208949734
25000 0.77291775977322441
26000 0.77279510469973356
27000 0.77423970889862559
28000 0.77511192275456042
29000 0.77651564192895539
30000 0.7747644000463364
31000 0.77789210442035261
32000 0.77775582100536278
33000 0.77892785837427514
34000 0.77699263388141981
35000 0.78021573664592891
36000 0.77915954017975786
37000 0.78023617915817733
38000 0.77965016047372115
39000 0.78085626869638103
40000 0.77950024871723234
