[0, 1.0, 0, 0.048545422095306101, 0.11886489380688914, 0.080148276355508918, 0.16341744291428451]
[0, 1.0, 1, 0.052650365875423932, 0.12225593432089954, 0.080148276355508918, 0.16341744291428451]
[0, 1.0, 2, 0.021060146350169506, 0.12225593432089954, 0.004872132085885772, 0.16341744291428451]
[0, 1.0, 3, 0.0067820810280206922, 0.12225593432089954, 0.004872132085885772, 0.16341744291428451]
[0, 1.0, 4, 0.0067820810280206922, 0.12225593432089954, 0.004872132085885772, 0.16341744291428451]
[0, 1.0, 5, 0.0067820810280206922, 0.12225593432089954, 0.004872132085885772, 0.16341744291428451]
[0, 1.0, 6, 0.0067820810280206922, 0.12225593432089954, 0.004872132085885772, 0.16341744291428451]
[0, 1.0, 7, 0.0067820810280206922, 0.12225593432089954, 0.004872132085885772, 0.16341744291428451]
[0, 1.0, 8, 0.0067820810280206922, 0.12225593432089954, 0.004872132085885772, 0.16341744291428451]
[0, 1.0, 9, 0.0067820810280206922, 0.12225593432089954, 0.004872132085885772, 0.16341744291428451]
[0, 1.0, 10, 0.0067820810280206922, 0.12225593432089954, 0.004872132085885772, 0.16341744291428451]
[0, 1.0, 11, 0.0067820810280206922, 0.12225593432089954, 0.004872132085885772, 0.16341744291428451]
[0, 1.0, 12, 0.0067820810280206922, 0.12225593432089954, 0.004872132085885772, 0.16341744291428451]
[0, 1.0, 13, 0.0067820810280206922, 0.12225593432089954, 0.004872132085885772, 0.16341744291428451]
[0, 1.0, 14, 0.0067820810280206922, 0.12225593432089954, 0.004872132085885772, 0.16341744291428451]
[0, 1.0, 15, 0.0067820810280206922, 0.12225593432089954, 0.004872132085885772, 0.16341744291428451]
[0, 1.0, 16, 0.0067820810280206922, 0.12225593432089954, 0.004872132085885772, 0.16341744291428451]
[0, 1.0, 17, 0.0067820810280206922, 0.12225593432089954, 0.004872132085885772, 0.16341744291428451]
[0, 1.0, 18, 0.0067820810280206922, 0.12225593432089954, 0.004872132085885772, 0.16341744291428451]
[0, 1.0, 19, 0.0067820810280206922, 0.12225593432089954, 0.004872132085885772, 0.16341744291428451]
