[0, 1.0, 0, 0.62680706764233451, 0.85472068534713541, 0.51286856146041315, 0.71719828555463949]
[0, 1.0, 1, 0.80956630376583971, 0.92129216491165444, 0.61011359222639405, 0.74600859948348586]
[0, 1.0, 2, 0.83615920042834202, 0.9261110119578797, 0.63881487942324866, 0.75534401341028801]
[0, 1.0, 3, 0.84900945921827597, 0.93182223808673925, 0.66802722942631498, 0.77175253657506149]
[0, 1.0, 4, 0.85525611279671598, 0.93360699625200783, 0.68229610297574839, 0.77759909507812441]
[0, 1.0, 5, 0.8565054435124041, 0.93717651258254508, 0.68795186469782554, 0.78093803874537482]
[0, 1.0, 6, 0.86043191147599507, 0.93574870605033023, 0.69152930434130822, 0.78456999175485342]
[0, 1.0, 7, 0.86792789577012308, 0.93699803676601823, 0.70089197495110833, 0.78296866162872303]
[0, 1.0, 8, 0.87006960556844548, 0.93699803676601823, 0.70022418621765825, 0.7850401695365683]
[0, 1.0, 9, 0.87542388006425131, 0.93806889166517937, 0.70708605616239528, 0.78237582877351741]
[0, 1.0, 10, 0.88024272711047657, 0.93824736748170623, 0.7050418049375482, 0.78217821782178221]
[0, 1.0, 11, 0.88220596109227201, 0.93967517401392109, 0.71156296634481064, 0.78635530449121993]
[0, 1.0, 12, 0.88381224344101372, 0.93913974656434052, 0.71403651032687576, 0.78427698241262533]
[0, 1.0, 13, 0.88256291272532572, 0.9375334642155988, 0.71496323754880642, 0.78544901978153769]
[0, 1.0, 14, 0.88577547742280927, 0.93789041584865251, 0.71684394867566592, 0.78346609609343587]
[0, 1.0, 15, 0.88595395323933612, 0.9387827949312868, 0.71874510231477373, 0.78249166967625872]
[0, 1.0, 16, 0.88738175977155098, 0.93896127074781366, 0.72153209815131547, 0.78295503328722416]
[0, 1.0, 17, 0.88720328395502412, 0.94021060146350166, 0.7224043120072503, 0.78426335407112635]
[0, 1.0, 18, 0.88845261467071213, 0.94056755309655538, 0.72279271973997128, 0.7785462648123036]
[0, 1.0, 19, 0.88916651793681956, 0.93896127074781366, 0.72673131043317685, 0.78268928062799392]
