[0.0003, 0.4, 0, 0.5943244690344458, 0.86953417811886491, 0.50084836425831158, 0.71618978828371482]
[0.0003, 0.4, 1, 0.80849544886667857, 0.93039443155452439, 0.6732673267326732, 0.76869297390854019]
[0.0003, 0.4, 2, 0.8750669284311976, 0.93699803676601823, 0.69889542292150764, 0.77799431698159494]
[0.0003, 0.4, 3, 0.88988042120292699, 0.9421738354452972, 0.72010112229392242, 0.77972511635196551]
[0.0003, 0.4, 4, 0.90112439764411922, 0.94645725504194178, 0.73462893433183651, 0.78268928062799392]
[0.0003, 0.4, 5, 0.9121898982687846, 0.94984829555595218, 0.74822320497707029, 0.78598733927074749]
[0.0003, 0.4, 6, 0.92004283419596644, 0.9527039086203819, 0.75451949874959967, 0.78345928192268643]
[0.0003, 0.4, 7, 0.92593253614135285, 0.95520257005175802, 0.75984818027570133, 0.78204193440679237]
[0.0003, 0.4, 8, 0.93182223808673925, 0.95841513474924145, 0.76151765210932654, 0.77967060298596969]
[0.0003, 0.4, 9, 0.93521327860074965, 0.96002141709798328, 0.76478163989833259, 0.78312538755596139]
[0.0003, 0.4, 10, 0.9387827949312868, 0.96055684454756385, 0.7637527001151595, 0.78339114021519152]
[0.0003, 0.4, 11, 0.93985364983044795, 0.96305550597893985, 0.76409340865263398, 0.78713893412741132]
[0.0003, 0.4, 12, 0.94038907728002852, 0.96484026414420843, 0.76491792331332242, 0.79120017989410774]
[0.0003, 0.4, 13, 0.94128145636266281, 0.9662680706764234, 0.76404570945738759, 0.79107071064986745]
[0.0003, 0.4, 14, 0.94253078707835092, 0.96608959485989643, 0.76784120256485389, 0.7942529283898796]
[0.0003, 0.4, 15, 0.94324469034445835, 0.96733892557558454, 0.77095527859737112, 0.79508425722131748]
[0.0003, 0.4, 16, 0.94485097269320006, 0.96716044975905768, 0.77102342030486604, 0.79496160214782663]
[0.0003, 0.4, 17, 0.94592182759236121, 0.96823130465821883, 0.77573882646351355, 0.79525461149005472]
[0.0003, 0.4, 18, 0.94859896484026418, 0.96858825629127254, 0.776467942733709, 0.79511832807506488]
[0.0003, 0.4, 19, 0.94931286810637161, 0.9687667321077994, 0.77719024483315502, 0.79553399249078383]
