[0, 1.0, 0, 0.025522041763341052, 0.1734784936641085, 0.0, 7.4955878244353791e-05]
[0, 1.0, 1, 0.0, 0.0, 0.0, 0.0]
[0, 1.0, 2, 0.0, 0.0, 0.0, 0.0]
[0, 1.0, 3, 0.0, 0.0, 0.0, 0.0]
[0, 1.0, 4, 0.0, 0.0, 0.0, 0.0]
[0, 1.0, 5, 0.0, 0.0, 0.0, 0.0]
[0, 1.0, 6, 0.0, 0.0, 0.0, 0.0]
[0, 1.0, 7, 0.0, 0.0, 0.0, 0.0]
[0, 1.0, 8, 0.0, 0.0, 0.0, 0.0]
[0, 1.0, 9, 0.0, 0.0, 0.0, 0.0]
[0, 1.0, 10, 0.0051757986792789756, 0.0, 0.0082451466068836909, 0.0]
[0, 1.0, 11, 0.011600928074245953, 0.0, 0.0082451466068836909, 0.0]
[0, 1.0, 12, 0.0048188470462252608, 0.0, 0.0, 0.0]
[0, 1.0, 13, 0.0, 0.0, 0.0, 0.0]
[0, 1.0, 14, 0.0, 0.0, 0.0, 0.0]
[0, 1.0, 15, 0.0, 0.0, 0.0, 0.0]
[0, 1.0, 16, 0.0, 0.0, 0.0, 0.0]
[0, 1.0, 17, 0.0, 0.0, 0.0, 0.0]
[0, 1.0, 18, 0.0, 0.0, 0.0, 0.0]
[0, 1.0, 19, 0.0, 0.0, 0.0, 0.0]
