[0, 0.1, 0, 0.5630912011422452, 0.79707299660895947, 0.54047958133734908, 0.68560097578925139]
[0, 0.1, 1, 0.8324112082812779, 0.93182223808673925, 0.64671250332190822, 0.7409933698118607]
[0, 0.1, 2, 0.86685704087096194, 0.93949669819739423, 0.70361764325090459, 0.75640702404720861]
[0, 0.1, 3, 0.88702480813849727, 0.94520792432625378, 0.73685035399617038, 0.77176616491656047]
[0, 0.1, 4, 0.9016598250936998, 0.94859896484026418, 0.74684674248567329, 0.78148317240533416]
[0, 0.1, 5, 0.91486703551668747, 0.95306086025343562, 0.75197781306003963, 0.78631441946672298]
[0, 0.1, 6, 0.92271997144386941, 0.95805818311618773, 0.75699304273166479, 0.7897692040367148]
[0, 0.1, 7, 0.93092985900410496, 0.96109227199714442, 0.76215136998902921, 0.7950706288798185]
[0, 0.1, 8, 0.9350348027842228, 0.96180617526325185, 0.76723474136814918, 0.79721027849515846]
[0, 0.1, 9, 0.93717651258254508, 0.96359093342852042, 0.7693812051542388, 0.79483894707433578]
[0, 0.1, 10, 0.93931822238086737, 0.96519721577726214, 0.76863846054254426, 0.79709443759241716]
[0, 0.1, 11, 0.94163840799571663, 0.96591111904336957, 0.77241351113776213, 0.79829373164432749]
[0, 0.1, 12, 0.94306621452793149, 0.96573264322684271, 0.77458041743610018, 0.79714213678766366]
[0, 0.1, 13, 0.94395859361056578, 0.96644654649295025, 0.77191607667304929, 0.79691726915293049]
[0, 0.1, 14, 0.94574335177583435, 0.9675174013921114, 0.77016483479043019, 0.79647434805421358]
[0, 0.1, 15, 0.9468142066749955, 0.96858825629127254, 0.7717048373798151, 0.7975441728618835]
[0, 0.1, 16, 0.94717115830804921, 0.96983758700696054, 0.77357192016517551, 0.7974760311543887]
[0, 0.1, 17, 0.94842048902373732, 0.9700160628234874, 0.77171165155056454, 0.796855941616185]
[0, 0.1, 18, 0.94859896484026418, 0.97090844190612169, 0.77412386799588417, 0.7958406301745109]
[0, 0.1, 19, 0.94966981973942532, 0.97108691772264855, 0.77624988926972538, 0.79581337349151293]
