[0.0003, 0.7, 0, 0.59664465464929495, 0.75959307513831875, 0.5666459970153932, 0.72105510619885105]
[0.0003, 0.7, 1, 0.83758700696055688, 0.92718186685704085, 0.62040299005812494, 0.754982862360565]
[0.0003, 0.7, 2, 0.87845796894520789, 0.93681956094949137, 0.68759071364810254, 0.77564342807302067]
[0.0003, 0.7, 3, 0.89701945386400139, 0.94378011779403892, 0.72325608335093661, 0.77828051215307359]
[0.0003, 0.7, 4, 0.90844190612172049, 0.94931286810637161, 0.73546707733402383, 0.77896192922802254]
[0.0003, 0.7, 5, 0.9155809387827949, 0.95234695698732819, 0.74767125714636151, 0.78288007740897969]
[0.0003, 0.7, 6, 0.92057826164554701, 0.95555952168481173, 0.75157577698581968, 0.78194653601629949]
[0.0003, 0.7, 7, 0.92825272175620199, 0.95805818311618773, 0.75636613902271166, 0.78431105326637274]
[0.0003, 0.7, 8, 0.93128681063715868, 0.96037836873103699, 0.75315666459970154, 0.78876070676579013]
[0.0003, 0.7, 9, 0.93557023023380337, 0.96234160271283242, 0.7587783554680313, 0.79192248199355375]
[0.0003, 0.7, 10, 0.94038907728002852, 0.964126360878101, 0.76016163213017796, 0.79209965043304054]
[0.0003, 0.7, 11, 0.94199535962877035, 0.96591111904336957, 0.76416836453087844, 0.78832459983782277]
[0.0003, 0.7, 12, 0.94288773871140463, 0.96733892557558454, 0.76710527212390889, 0.78519689546380655]
[0.0003, 0.7, 13, 0.94431554524361949, 0.96733892557558454, 0.77052598584015319, 0.78902645942502025]
[0.0003, 0.7, 14, 0.94752810994110304, 0.96787435302516511, 0.77290413143172543, 0.78786805039760688]
[0.0003, 0.7, 15, 0.94966981973942532, 0.96858825629127254, 0.77454634658235266, 0.78702309322467001]
[0.0003, 0.7, 16, 0.95074067463858647, 0.96983758700696054, 0.77376271694616128, 0.78702309322467001]
[0.0003, 0.7, 17, 0.95216848117080133, 0.97055149027306797, 0.77855307898305315, 0.78946938052373716]
[0.0003, 0.7, 18, 0.95448866678565059, 0.9712653935391754, 0.77689042132017749, 0.7943687692926209]
[0.0003, 0.7, 19, 0.95573799750133859, 0.97144386935570226, 0.77970467383971709, 0.7958406301745109]
