[0.0003, 0.4, 0, 0.61592004283419599, 0.82991254684990179, 0.54735507962358521, 0.71088154926986158]
[0.0003, 0.4, 1, 0.83009102266642865, 0.93003747992147068, 0.66102907606658801, 0.75218223818252439]
[0.0003, 0.4, 2, 0.87435302516509017, 0.9400321256469748, 0.69965861004545049, 0.76773899000361157]
[0.0003, 0.4, 3, 0.89559164733178653, 0.94502944850972692, 0.72782157775309542, 0.78245078465176177]
[0.0003, 0.4, 4, 0.91022666428698917, 0.94842048902373732, 0.74089115725061838, 0.78822920144732989]
[0.0003, 0.4, 5, 0.91665179368195604, 0.95163305372122076, 0.74572921848275675, 0.78596689675849896]
[0.0003, 0.4, 6, 0.92218454399428873, 0.95252543280385504, 0.74863886939278923, 0.78760911190912619]
[0.0003, 0.4, 7, 0.92718186685704085, 0.95502409423523116, 0.75824685014957105, 0.79231770389702427]
[0.0003, 0.4, 8, 0.93146528645368554, 0.95645190076744602, 0.76374588594440995, 0.79237903143376964]
[0.0003, 0.4, 9, 0.93360699625200783, 0.95948598964840259, 0.77285643223647904, 0.79647434805421358]
[0.0003, 0.4, 10, 0.93806889166517937, 0.96180617526325185, 0.77545944546278445, 0.79430744175587553]
[0.0003, 0.4, 11, 0.93967517401392109, 0.964126360878101, 0.77505740938856449, 0.79422567170688163]
[0.0003, 0.4, 12, 0.9421738354452972, 0.96591111904336957, 0.77530271953554608, 0.79393266236465354]
[0.0003, 0.4, 13, 0.94395859361056578, 0.96680349812600397, 0.77759228090737498, 0.7944505393416148]
[0.0003, 0.4, 14, 0.94752810994110304, 0.96716044975905768, 0.77899600008177006, 0.79565664756427468]
[0.0003, 0.4, 15, 0.94859896484026418, 0.96680349812600397, 0.77947299203423437, 0.79539770907579399]
[0.0003, 0.4, 16, 0.95074067463858647, 0.96716044975905768, 0.77968423132746856, 0.79529549651455167]
[0.0003, 0.4, 17, 0.95181152953774761, 0.96912368374085311, 0.78129918979509783, 0.7965765606154559]
[0.0003, 0.4, 18, 0.95288238443690876, 0.96894520792432626, 0.78041334759766412, 0.7928628375569835]
[0.0003, 0.4, 19, 0.9548456184187043, 0.96948063537390683, 0.77915272600900831, 0.79443009682936638]
