[0.0003, 0.7, 0, 0.51972157772621808, 0.79742994824201319, 0.5300266434076305, 0.6924287748802409]
[0.0003, 0.7, 1, 0.83348206318043905, 0.93307156880242725, 0.65377198421838056, 0.76078172166838154]
[0.0003, 0.7, 2, 0.87024808138497234, 0.93842584329823309, 0.69408461837236723, 0.77796706029859697]
[0.0003, 0.7, 3, 0.89130822773514184, 0.94485097269320006, 0.72327652586318503, 0.78115609220935855]
[0.0003, 0.7, 4, 0.90647867213992506, 0.94806353739068361, 0.7373273459486348, 0.78280512153073534]
[0.0003, 0.7, 5, 0.91593789041584861, 0.94931286810637161, 0.74422328674711924, 0.78644388871096327]
[0.0003, 0.7, 6, 0.92325539889344999, 0.95252543280385504, 0.74960648163921695, 0.78737743010364358]
[0.0003, 0.7, 7, 0.92985900410494382, 0.95555952168481173, 0.75466259633533894, 0.79318310358220956]
[0.0003, 0.7, 8, 0.93360699625200783, 0.9573442798500803, 0.76050915483840198, 0.79192248199355375]
[0.0003, 0.7, 9, 0.93664108513296451, 0.95895056219882202, 0.76337792072393751, 0.79339434287544375]
[0.0003, 0.7, 10, 0.93824736748170623, 0.96198465107977871, 0.76045464147240605, 0.79126150743085322]
[0.0003, 0.7, 11, 0.94163840799571663, 0.96394788506157414, 0.76164030718281739, 0.78974194735371683]
[0.0003, 0.7, 12, 0.94378011779403892, 0.96591111904336957, 0.76236942345301295, 0.78978283237821367]
[0.0003, 0.7, 13, 0.94592182759236121, 0.96698197394253083, 0.76258747691699658, 0.79194973867655172]
[0.0003, 0.7, 14, 0.94824201320721047, 0.96894520792432626, 0.7644886305561045, 0.79237903143376964]
[0.0003, 0.7, 15, 0.95038372300553275, 0.97019453864001426, 0.76508827758205966, 0.79308770519171667]
[0.0003, 0.7, 16, 0.95074067463858647, 0.97108691772264855, 0.76555845536377454, 0.79576567429626655]
[0.0003, 0.7, 17, 0.95091915045511333, 0.9712653935391754, 0.76685996197692718, 0.79735337608089785]
[0.0003, 0.7, 18, 0.95199000535427447, 0.97197929680528283, 0.76884288566502901, 0.79885930781653525]
[0.0003, 0.7, 19, 0.95109762627164018, 0.97251472425486352, 0.77036925991291494, 0.79886612198728479]
