[0.0003, 0.1, 0, 0.54863466000356953, 0.75459575227556663, 0.54418649022507204, 0.72405334132862698]
[0.0003, 0.1, 1, 0.8404426200249866, 0.93271461716937354, 0.65801039842456377, 0.76047508398465447]
[0.0003, 0.1, 2, 0.8763162591468856, 0.93985364983044795, 0.70626835567245649, 0.76643748339045881]
[0.0003, 0.1, 3, 0.89594859896484025, 0.94467249687667321, 0.74113646739759997, 0.77509148024231189]
[0.0003, 0.1, 4, 0.9109405675530966, 0.95074067463858647, 0.75061497891014151, 0.77648157107520799]
[0.0003, 0.1, 5, 0.91718722113153672, 0.95377476351954305, 0.75709525529290711, 0.77772856432236481]
[0.0003, 0.1, 6, 0.92593253614135285, 0.9560949491343923, 0.76013437544717999, 0.77721068734540344]
[0.0003, 0.1, 7, 0.92807424593967514, 0.95787970729966088, 0.76551075616852804, 0.78355468031317932]
[0.0003, 0.1, 8, 0.93217918971979297, 0.95966446546492945, 0.7673369539293915, 0.78660742880895107]
[0.0003, 0.1, 9, 0.93557023023380337, 0.96037836873103699, 0.76713252880690685, 0.78791574959285327]
[0.0003, 0.1, 10, 0.93824736748170623, 0.96198465107977871, 0.76821598195607588, 0.790341594379672]
[0.0003, 0.1, 11, 0.94074602891308223, 0.96216312689630556, 0.76982412625295571, 0.79241991645826659]
[0.0003, 0.1, 12, 0.94235231126182406, 0.96287703016241299, 0.77139138552533848, 0.7920928362622911]
[0.0003, 0.1, 13, 0.94413706942709263, 0.96430483669462785, 0.77145271306208385, 0.79419160085313423]
[0.0003, 0.1, 14, 0.94592182759236121, 0.96484026414420843, 0.77552077299952982, 0.7961677103704865]
[0.0003, 0.1, 15, 0.94788506157415675, 0.96519721577726214, 0.77680183710043404, 0.7951864697825598]
[0.0003, 0.1, 16, 0.94913439228984475, 0.96573264322684271, 0.77532997621854405, 0.79652204724945996]
[0.0003, 0.1, 17, 0.9502052471890059, 0.9662680706764234, 0.77734697076039327, 0.79810974903409126]
[0.0003, 0.1, 18, 0.95074067463858647, 0.96662502230947711, 0.77971830218121607, 0.79656974644470635]
[0.0003, 0.1, 19, 0.9514545779046939, 0.96769587720863826, 0.77913909766750933, 0.79570434675952106]
