[0, 1.0, 0, 0.026235945029448482, 0.31465286453685526, 0.0069231974814825126, 0.41896247436168255]
[0, 1.0, 1, 0.030697840442620028, 0.29519900053542747, 0.059726206619285516, 0.30714193236254117]
[0, 1.0, 2, 0.057290737105122225, 0.27895770123148311, 0.059726206619285516, 0.26110539477898242]
[0, 1.0, 3, 0.057290737105122225, 0.27556666071747282, 0.059726206619285516, 0.26203212200091308]
[0, 1.0, 4, 0.057290737105122225, 0.27003391040514013, 0.059726206619285516, 0.27546285254815916]
[0, 1.0, 5, 0.057290737105122225, 0.27681599143316082, 0.059726206619285516, 0.28439623040074136]
[0, 1.0, 6, 0.057290737105122225, 0.27770837051579511, 0.059726206619285516, 0.29699563211654956]
[0, 1.0, 7, 0.057290737105122225, 0.27842227378190254, 0.059726206619285516, 0.28252914761538095]
[0, 1.0, 8, 0.057290737105122225, 0.27413885418525785, 0.0092195730240608453, 0.28418499110750717]
[0, 1.0, 9, 0.0091022666428698384, 0.27895770123148311, 0.0092195730240608453, 0.29550332872241114]
[0, 1.0, 10, 0.0091022666428698384, 0.27752989469926825, 0.0092195730240608453, 0.29760209331325427]
[0, 1.0, 11, 0.0091022666428698384, 0.35177583437444226, 0.0092195730240608453, 0.44928553419691586]
[0, 1.0, 12, 0.0091022666428698384, 0.39496698197394253, 0.0092195730240608453, 0.43203205385920562]
[0, 1.0, 13, 0.0091022666428698384, 0.35159735855791541, 0.0092195730240608453, 0.37246938733790791]
[0, 1.0, 14, 0.0091022666428698384, 0.37176512582545063, 0.0092195730240608453, 0.44919013580642309]
[0, 1.0, 15, 0.0091022666428698384, 0.38568623951454573, 0.0092195730240608453, 0.28214755405340952]
[0, 1.0, 16, 0.0091022666428698384, 0.27931465286453683, 0.0092195730240608453, 0.2823247224928962]
[0, 1.0, 17, 0.0091022666428698384, 0.27949312868106369, 0.0092195730240608453, 0.2698888608750758]
[0, 1.0, 18, 0.0091022666428698384, 0.27788684633232197, 0.0092195730240608453, 0.28927517665737668]
[0, 1.0, 19, 0.0091022666428698384, 0.35980724611815096, 0.0092195730240608453, 0.56155581146552369]
