[0, 0.4, 0, 0.52400499732286276, 0.73603426735677313, 0.55202278658698622, 0.69809135077306772]
[0, 0.4, 1, 0.83205425664822419, 0.93271461716937354, 0.65478048148930523, 0.76253977772175019]
[0, 0.4, 2, 0.86507228270569336, 0.93931822238086737, 0.69400284832337333, 0.77164350984306962]
[0, 0.4, 3, 0.89112975191861499, 0.94485097269320006, 0.71454075896233804, 0.7770880322719127]
[0, 0.4, 4, 0.90576476887381763, 0.94913439228984475, 0.73497645704006054, 0.77987502810845433]
[0, 0.4, 5, 0.91451008388363375, 0.95306086025343562, 0.74382125067289939, 0.779411664497489]
[0, 0.4, 6, 0.92236301981081559, 0.9560949491343923, 0.75329976218544081, 0.78369777789891859]
[0, 0.4, 7, 0.92968052828841696, 0.95912903801534888, 0.75757906141612097, 0.78948982303598569]
[0, 0.4, 8, 0.93521327860074965, 0.96037836873103699, 0.75986180861720032, 0.79171124270031956]
[0, 0.4, 9, 0.93860431911475994, 0.96180617526325185, 0.76168119220731434, 0.79637213549297114]
[0, 0.4, 10, 0.94038907728002852, 0.96323398179546671, 0.76351420413892734, 0.79646753388346403]
[0, 0.4, 11, 0.94288773871140463, 0.96519721577726214, 0.76396393940839369, 0.79800753647284894]
[0, 0.4, 12, 0.94610030340888807, 0.96555416741031586, 0.76604907565773783, 0.79639939217596911]
[0, 0.4, 13, 0.94734963412457618, 0.96644654649295025, 0.76638297002446287, 0.79564301922277569]
[0, 0.4, 14, 0.94806353739068361, 0.96858825629127254, 0.76942890434948519, 0.79611319700449057]
[0, 0.4, 15, 0.95074067463858647, 0.96948063537390683, 0.77005580805843832, 0.79505018636756997]
[0, 0.4, 16, 0.95163305372122076, 0.97019453864001426, 0.77115288954910632, 0.79800753647284894]
[0, 0.4, 17, 0.95341781188648933, 0.96983758700696054, 0.77249528118675603, 0.79853222762055975]
[0, 0.4, 18, 0.95538104586828487, 0.97055149027306797, 0.77576608314651152, 0.79648116222496301]
[0, 0.4, 19, 0.9560949491343923, 0.97090844190612169, 0.77372183192166433, 0.79862081184030309]
