[0, 0.7, 0, 0.62912725325718366, 0.80082098875602359, 0.57342609691113644, 0.70875552799602048]
[0, 0.7, 1, 0.84258432982330889, 0.92968052828841696, 0.6548418090260506, 0.7628532295762267]
[0, 0.7, 2, 0.87453150098161703, 0.93913974656434052, 0.70099418751235065, 0.77447820487485775]
[0, 0.7, 3, 0.89273603426735681, 0.94270926289487778, 0.72190006337178803, 0.77841679556806331]
[0, 0.7, 4, 0.90701409958950563, 0.94824201320721047, 0.73280955074172249, 0.78146954406383518]
[0, 0.7, 5, 0.91825807603069787, 0.95288238443690876, 0.74729647775513963, 0.7835206094594318]
[0, 0.7, 6, 0.92521863287524542, 0.95431019096912373, 0.75879198380953028, 0.78969424815847034]
[0, 0.7, 7, 0.93164376227021239, 0.95663037658397287, 0.76047508398465447, 0.79179301274931346]
[0, 0.7, 8, 0.93467785115116897, 0.95966446546492945, 0.75803561085633686, 0.79177938440781448]
[0, 0.7, 9, 0.93699803676601823, 0.96019989291451013, 0.75997764951994173, 0.7930263776549713]
[0, 0.7, 10, 0.93985364983044795, 0.96037836873103699, 0.76341880574843446, 0.79569753258877163]
[0, 0.7, 11, 0.94288773871140463, 0.96144922363019814, 0.7638685410179008, 0.79715576512916264]
[0, 0.7, 12, 0.94592182759236121, 0.96323398179546671, 0.76446818804385597, 0.7966924015181972]
[0, 0.7, 13, 0.94877744065679104, 0.96305550597893985, 0.76755500739337523, 0.79801435064359838]
[0, 0.7, 14, 0.95109762627164018, 0.96376940924504728, 0.77103704864636502, 0.79889337867028276]
[0, 0.7, 15, 0.95199000535427447, 0.965375691593789, 0.77348333594543206, 0.79879798027978988]
[0, 0.7, 16, 0.95377476351954305, 0.96591111904336957, 0.77466900165584351, 0.79733293356864943]
[0, 0.7, 17, 0.95431019096912373, 0.96680349812600397, 0.77579333982950949, 0.79612001117524001]
[0, 0.7, 18, 0.9548456184187043, 0.96680349812600397, 0.77655652695345245, 0.79637894966372069]
[0, 0.7, 19, 0.95716580403355345, 0.96787435302516511, 0.77584785319550531, 0.79448461019536221]
