[0.0003, 0.1, 0, 0.53774763519543101, 0.74745671961449223, 0.53953922577391944, 0.68579858674098659]
[0.0003, 0.1, 1, 0.83937176512582545, 0.93110833482063182, 0.65226605248274305, 0.75666596253568918]
[0.0003, 0.1, 2, 0.87238979118329463, 0.93985364983044795, 0.69751214625936098, 0.76580376551075613]
[0.0003, 0.1, 3, 0.89327146171693739, 0.94502944850972692, 0.72137537222407722, 0.76365730172466662]
[0.0003, 0.1, 4, 0.90540781724076391, 0.94931286810637161, 0.73811097558482619, 0.77124147376884966]
[0.0003, 0.1, 5, 0.91629484204890232, 0.95163305372122076, 0.74072761715263069, 0.77715617397940762]
[0.0003, 0.1, 6, 0.92504015705871856, 0.95431019096912373, 0.74720107936464664, 0.7811629063801081]
[0.0003, 0.1, 7, 0.93003747992147068, 0.95716580403355345, 0.75304763786770967, 0.78705716407841741]
[0.0003, 0.1, 8, 0.9341424237015884, 0.96091379618061756, 0.75985499444645077, 0.78884929098553358]
[0.0003, 0.1, 9, 0.93789041584865251, 0.96269855434588614, 0.7630508405279619, 0.79190885365205488]
[0.0003, 0.1, 10, 0.93896127074781366, 0.96376940924504728, 0.76430464794586817, 0.79623585207798131]
[0.0003, 0.1, 11, 0.9434231661609852, 0.96573264322684271, 0.76633527082921638, 0.7958747010282583]
[0.0003, 0.1, 12, 0.94502944850972692, 0.96698197394253083, 0.76726881222189669, 0.79494115963557821]
[0.0003, 0.1, 13, 0.9489559164733179, 0.96680349812600397, 0.76629438580471954, 0.79860036932805456]
[0.0003, 0.1, 14, 0.95002677137247904, 0.96805282884169197, 0.76704394458716352, 0.79822558993683268]
[0.0003, 0.1, 15, 0.95181152953774761, 0.9687667321077994, 0.76971509952096384, 0.79818470491233573]
[0.0003, 0.1, 16, 0.95377476351954305, 0.96983758700696054, 0.7706418267428945, 0.79654930393245793]
[0.0003, 0.1, 17, 0.95502409423523116, 0.96983758700696054, 0.77347652177468262, 0.79862081184030309]
[0.0003, 0.1, 18, 0.95555952168481173, 0.9712653935391754, 0.77607272083023859, 0.79911824630501593]
[0.0003, 0.1, 19, 0.95752275566660716, 0.9721577726218098, 0.77633165931871917, 0.79862762601105253]
