[0, 1.0, 0, 0.61913260753167942, 0.83526682134570762, 0.57619946440617908, 0.72621343345621558]
[0, 1.0, 1, 0.82866321613421379, 0.92450472960913799, 0.64507028817128098, 0.76180384728080519]
[0, 1.0, 2, 0.86043191147599507, 0.93557023023380337, 0.67287891899995222, 0.77203191757579059]
[0, 1.0, 3, 0.88059967874353029, 0.94145993217918966, 0.70257507512623252, 0.77690404966167637]
[0, 1.0, 4, 0.89095127610208813, 0.94378011779403892, 0.71766846333635426, 0.78078131281813656]
[0, 1.0, 5, 0.89987506692843122, 0.94627877922541492, 0.73318433013294448, 0.78374547709416498]
[0, 1.0, 6, 0.90469391397465637, 0.94699268249152235, 0.73734097429013379, 0.78688680980968018]
[0, 1.0, 7, 0.90558629305729077, 0.94984829555595218, 0.7439370915756407, 0.78653247293070672]
[0, 1.0, 8, 0.90808495448866677, 0.95252543280385504, 0.74917718888199902, 0.78493795697532587]
[0, 1.0, 9, 0.91165447081920403, 0.95341781188648933, 0.75399480760188886, 0.78797707712959875]
[0, 1.0, 10, 0.91593789041584861, 0.95448866678565059, 0.75744277800113113, 0.78827690064257627]
[0, 1.0, 11, 0.91700874531500975, 0.95538104586828487, 0.75998446369069117, 0.78915592866926065]
[0, 1.0, 12, 0.92289844726039627, 0.95716580403355345, 0.76356871750492328, 0.79016442594018521]
[0, 1.0, 13, 0.92593253614135285, 0.95877208638229516, 0.76688721865992515, 0.78899238857127285]
[0, 1.0, 14, 0.92753881849009456, 0.95912903801534888, 0.76902005410451579, 0.78802477632484513]
[0, 1.0, 15, 0.93075138318757811, 0.96091379618061756, 0.77095527859737112, 0.78480167356033603]
[0, 1.0, 16, 0.93342852043548097, 0.96091379618061756, 0.77210687345403506, 0.7842565399003768]
[0, 1.0, 17, 0.9362841334999108, 0.96198465107977871, 0.77126873045184763, 0.78573521495301635]
[0, 1.0, 18, 0.93681956094949137, 0.96180617526325185, 0.76837270788331413, 0.78448140753510998]
[0, 1.0, 19, 0.93824736748170623, 0.96305550597893985, 0.77092802191437315, 0.78685273895593277]
