[0, 1.0, 0, 0.50419418168838126, 0.75316794574335177, 0.51739317083807479, 0.68346814034466075]
[0, 1.0, 1, 0.8265215063358915, 0.92914510083883628, 0.63016769674214501, 0.75070356312988484]
[0, 1.0, 2, 0.86453685525611279, 0.93824736748170623, 0.682527784781231, 0.76335747821168898]
[0, 1.0, 3, 0.88470462252364801, 0.94360164197751206, 0.70094648831710427, 0.76840677873706165]
[0, 1.0, 4, 0.89987506692843122, 0.94717115830804921, 0.71297349968995527, 0.77090076523137518]
[0, 1.0, 5, 0.90701409958950563, 0.94984829555595218, 0.72529352040503436, 0.77238625445476417]
[0, 1.0, 6, 0.91308227735141889, 0.95306086025343562, 0.73453353594134363, 0.77858033566605112]
[0, 1.0, 7, 0.91665179368195604, 0.95555952168481173, 0.7395692081252172, 0.783357069361444]
[0, 1.0, 8, 0.92093521327860073, 0.95627342495091916, 0.74597452862973834, 0.78815424556908553]
[0, 1.0, 9, 0.92432625379261113, 0.95716580403355345, 0.74551797918952256, 0.79139779084584305]
[0, 1.0, 10, 0.92539710869177227, 0.95841513474924145, 0.74498647387106232, 0.78904008776651924]
[0, 1.0, 11, 0.92682491522398713, 0.95930751383187574, 0.74736461946263444, 0.79081177216138676]
[0, 1.0, 12, 0.93003747992147068, 0.96109227199714442, 0.74536806743303374, 0.79390540568165557]
[0, 1.0, 13, 0.93539175441727651, 0.96216312689630556, 0.74837311673355911, 0.79691045498218094]
[0, 1.0, 14, 0.93896127074781366, 0.96341245761199357, 0.7527410001839826, 0.79522735480705675]
[0, 1.0, 15, 0.94163840799571663, 0.96341245761199357, 0.75791295578284601, 0.79571116093027061]
[0, 1.0, 16, 0.94235231126182406, 0.96430483669462785, 0.75889419637077271, 0.79591558605275536]
[0, 1.0, 17, 0.94324469034445835, 0.96430483669462785, 0.76080216418063007, 0.79670602985969619]
[0, 1.0, 18, 0.94485097269320006, 0.96448331251115471, 0.7629349996252206, 0.79666514483519935]
[0, 1.0, 19, 0.94467249687667321, 0.96501873996073528, 0.76354827499267475, 0.79625629459022984]
