1000 0.612 0.722
2000 0.669 0.776
3000 0.728 0.786
4000 0.737 0.787
5000 0.759 0.805
6000 0.781 0.807
7000 0.757 0.798
8000 0.792 0.812
9000 0.801 0.801
10000 0.806 0.815
11000 0.810 0.808
12000 0.827 0.818
13000 0.814 0.817
14000 0.831 0.819
15000 0.828 0.813
16000 0.840 0.826
17000 0.833 0.821
18000 0.838 0.814
19000 0.837 0.824
20000 0.819 0.821
21000 0.846 0.819
22000 0.845 0.828
23000 0.844 0.832
24000 0.848 0.830
25000 0.842 0.825
26000 0.851 0.822
27000 0.848 0.823
28000 0.852 0.833
29000 0.846 0.810
30000 0.853 0.821
31000 0.854 0.827
32000 0.859 0.833
33000 0.853 0.833
34000 0.847 0.831
35000 0.848 0.835
36000 0.859 0.835
37000 0.852 0.829
38000 0.856 0.833
39000 0.858 0.833
40000 0.860 0.829
41000 0.860 0.833
42000 0.863 0.840
43000 0.859 0.840
44000 0.857 0.837
45000 0.862 0.838
46000 0.863 0.841
47000 0.860 0.829
48000 0.862 0.838
49000 0.863 0.836
50000 0.862 0.826
51000 0.868 0.835
52000 0.869 0.839
53000 0.865 0.839
54000 0.843 0.839
55000 0.867 0.843
56000 0.864 0.841
57000 0.863 0.837
58000 0.868 0.842
59000 0.865 0.842
60000 0.870 0.833
61000 0.869 0.840
62000 0.868 0.843
63000 0.868 0.845
64000 0.865 0.836
65000 0.868 0.840
66000 0.864 0.836
67000 0.865 0.836
68000 0.869 0.841
69000 0.868 0.842
70000 0.869 0.839
71000 0.865 0.841
72000 0.869 0.843
73000 0.868 0.844
74000 0.862 0.836
75000 0.870 0.846
76000 0.864 0.839
77000 0.859 0.834
78000 0.870 0.845
79000 0.867 0.836
80000 0.871 0.842
81000 0.870 0.842
82000 0.871 0.847
83000 0.872 0.845
84000 0.867 0.843
85000 0.872 0.845
86000 0.870 0.841
87000 0.863 0.840
88000 0.874 0.846
89000 0.864 0.830
90000 0.875 0.845
91000 0.871 0.845
92000 0.870 0.846
93000 0.872 0.847
94000 0.867 0.838
95000 0.874 0.848
96000 0.868 0.842
97000 0.867 0.842
98000 0.873 0.844
99000 0.871 0.836
100000 0.874 0.842
101000 0.873 0.844
102000 0.860 0.845
103000 0.874 0.846
104000 0.871 0.842
105000 0.873 0.848
106000 0.870 0.840
107000 0.871 0.845
108000 0.867 0.843
109000 0.871 0.832
110000 0.873 0.847
111000 0.872 0.846
112000 0.869 0.845
113000 0.872 0.847
114000 0.865 0.838
115000 0.876 0.846
116000 0.874 0.846
117000 0.873 0.846
118000 0.873 0.843
119000 0.868 0.839
