1000 0.655 0.773
2000 0.710 0.785
3000 0.751 0.790
4000 0.762 0.787
5000 0.747 0.799
6000 0.797 0.803
7000 0.806 0.784
8000 0.804 0.813
9000 0.814 0.809
10000 0.801 0.812
11000 0.819 0.817
12000 0.822 0.811
13000 0.821 0.816
14000 0.822 0.813
15000 0.821 0.814
16000 0.830 0.817
17000 0.835 0.817
18000 0.835 0.812
19000 0.840 0.822
20000 0.834 0.813
21000 0.837 0.820
22000 0.839 0.826
23000 0.840 0.827
24000 0.842 0.826
25000 0.843 0.823
26000 0.839 0.818
27000 0.838 0.818
28000 0.845 0.823
29000 0.839 0.820
30000 0.843 0.825
31000 0.838 0.823
32000 0.844 0.828
33000 0.835 0.828
34000 0.843 0.829
35000 0.841 0.828
36000 0.845 0.826
37000 0.843 0.827
38000 0.844 0.827
39000 0.840 0.826
40000 0.840 0.829
41000 0.839 0.827
42000 0.840 0.825
43000 0.837 0.824
44000 0.840 0.821
45000 0.836 0.824
46000 0.839 0.827
47000 0.839 0.820
48000 0.841 0.826
49000 0.842 0.828
50000 0.841 0.828
51000 0.836 0.823
52000 0.841 0.829
53000 0.841 0.830
54000 0.842 0.830
55000 0.839 0.827
56000 0.841 0.827
57000 0.840 0.824
58000 0.841 0.823
59000 0.839 0.825
60000 0.840 0.826
61000 0.842 0.826
62000 0.840 0.828
63000 0.841 0.828
64000 0.834 0.828
65000 0.839 0.829
66000 0.837 0.828
67000 0.839 0.828
68000 0.839 0.824
69000 0.840 0.828
70000 0.840 0.825
71000 0.840 0.827
72000 0.840 0.826
73000 0.840 0.827
74000 0.838 0.826
75000 0.837 0.823
76000 0.837 0.824
77000 0.836 0.826
78000 0.836 0.824
79000 0.839 0.828
80000 0.839 0.826
81000 0.837 0.827
82000 0.836 0.825
83000 0.839 0.828
84000 0.839 0.827
85000 0.840 0.826
86000 0.840 0.826
87000 0.839 0.827
88000 0.838 0.825
89000 0.838 0.825
90000 0.838 0.826
91000 0.839 0.826
92000 0.839 0.825
93000 0.837 0.824
94000 0.839 0.827
95000 0.838 0.823
96000 0.837 0.827
97000 0.836 0.823
98000 0.838 0.826
99000 0.835 0.823
100000 0.838 0.825
101000 0.838 0.826
102000 0.837 0.825
103000 0.838 0.825
104000 0.837 0.826
105000 0.837 0.825
106000 0.837 0.825
107000 0.836 0.823
108000 0.838 0.825
109000 0.837 0.825
110000 0.835 0.825
111000 0.836 0.825
