1000 0.598 0.731
2000 0.656 0.764
3000 0.717 0.774
4000 0.705 0.799
5000 0.739 0.796
6000 0.764 0.808
7000 0.788 0.808
8000 0.775 0.803
9000 0.791 0.805
10000 0.802 0.819
11000 0.800 0.808
12000 0.810 0.793
13000 0.810 0.801
14000 0.810 0.805
15000 0.816 0.824
16000 0.825 0.823
17000 0.833 0.823
18000 0.833 0.819
19000 0.812 0.820
20000 0.838 0.823
21000 0.827 0.826
22000 0.845 0.828
23000 0.848 0.825
24000 0.845 0.834
25000 0.851 0.819
26000 0.840 0.823
27000 0.855 0.829
28000 0.852 0.832
29000 0.855 0.833
30000 0.859 0.826
31000 0.847 0.823
32000 0.848 0.821
33000 0.846 0.834
34000 0.850 0.821
35000 0.854 0.831
36000 0.849 0.832
37000 0.855 0.826
38000 0.855 0.834
39000 0.860 0.828
40000 0.858 0.835
41000 0.859 0.839
42000 0.844 0.837
43000 0.866 0.834
44000 0.859 0.833
45000 0.864 0.831
46000 0.865 0.833
47000 0.864 0.837
48000 0.865 0.835
49000 0.857 0.836
50000 0.861 0.838
51000 0.861 0.838
52000 0.865 0.840
53000 0.865 0.837
54000 0.852 0.831
55000 0.857 0.836
56000 0.869 0.838
57000 0.867 0.840
58000 0.865 0.839
59000 0.866 0.841
60000 0.862 0.842
61000 0.869 0.838
62000 0.860 0.836
63000 0.867 0.837
64000 0.868 0.834
65000 0.866 0.838
66000 0.870 0.841
67000 0.858 0.832
68000 0.863 0.837
69000 0.871 0.839
70000 0.859 0.840
71000 0.870 0.842
72000 0.867 0.840
73000 0.868 0.835
74000 0.868 0.835
75000 0.874 0.840
76000 0.868 0.840
77000 0.867 0.845
78000 0.864 0.844
79000 0.873 0.843
80000 0.863 0.834
81000 0.870 0.839
82000 0.870 0.836
83000 0.869 0.840
84000 0.868 0.837
85000 0.869 0.842
86000 0.866 0.836
87000 0.872 0.844
88000 0.865 0.841
89000 0.870 0.841
90000 0.868 0.841
91000 0.872 0.840
92000 0.869 0.836
93000 0.872 0.844
94000 0.868 0.840
95000 0.866 0.846
96000 0.868 0.844
97000 0.874 0.846
98000 0.862 0.839
99000 0.875 0.841
100000 0.871 0.846
101000 0.868 0.837
102000 0.869 0.846
103000 0.873 0.844
104000 0.869 0.844
105000 0.873 0.841
106000 0.865 0.844
107000 0.870 0.843
108000 0.870 0.838
109000 0.875 0.835
110000 0.872 0.836
111000 0.872 0.846
112000 0.866 0.841
113000 0.869 0.845
114000 0.873 0.843
115000 0.872 0.848
116000 0.868 0.842
117000 0.875 0.841
118000 0.869 0.844
119000 0.861 0.835
120000 0.873 0.845
121000 0.875 0.848
122000 0.872 0.846
123000 0.870 0.842
124000 0.870 0.845
125000 0.871 0.843
