1000 0.613 0.644
2000 0.645 0.772
3000 0.706 0.792
4000 0.734 0.798
5000 0.730 0.797
6000 0.759 0.810
7000 0.773 0.798
8000 0.783 0.819
9000 0.795 0.799
10000 0.793 0.811
11000 0.797 0.813
12000 0.801 0.807
13000 0.799 0.815
14000 0.813 0.815
15000 0.810 0.806
16000 0.828 0.827
17000 0.827 0.818
18000 0.806 0.817
19000 0.829 0.825
20000 0.831 0.815
21000 0.834 0.825
22000 0.842 0.828
23000 0.824 0.817
24000 0.840 0.831
25000 0.846 0.827
26000 0.843 0.822
27000 0.851 0.821
28000 0.849 0.828
29000 0.853 0.826
30000 0.845 0.827
31000 0.845 0.828
32000 0.853 0.831
33000 0.843 0.820
34000 0.854 0.836
35000 0.853 0.828
36000 0.843 0.829
37000 0.852 0.831
38000 0.854 0.821
39000 0.856 0.832
40000 0.859 0.832
41000 0.842 0.825
42000 0.858 0.836
43000 0.861 0.832
44000 0.854 0.836
45000 0.865 0.834
46000 0.856 0.835
47000 0.861 0.826
48000 0.855 0.835
49000 0.859 0.834
50000 0.864 0.839
51000 0.856 0.828
52000 0.863 0.840
53000 0.864 0.833
54000 0.852 0.828
55000 0.864 0.837
56000 0.863 0.816
57000 0.862 0.835
58000 0.866 0.837
59000 0.852 0.837
60000 0.865 0.836
61000 0.866 0.832
62000 0.855 0.841
63000 0.870 0.841
64000 0.862 0.838
65000 0.862 0.828
66000 0.862 0.839
67000 0.866 0.841
68000 0.869 0.842
69000 0.865 0.834
70000 0.866 0.843
71000 0.866 0.833
72000 0.856 0.837
73000 0.870 0.840
74000 0.867 0.817
75000 0.866 0.837
76000 0.871 0.841
77000 0.860 0.840
78000 0.868 0.839
79000 0.870 0.831
80000 0.864 0.840
81000 0.872 0.844
82000 0.867 0.839
83000 0.864 0.833
84000 0.865 0.843
85000 0.868 0.839
86000 0.872 0.846
87000 0.868 0.840
88000 0.868 0.843
89000 0.867 0.841
90000 0.861 0.843
91000 0.875 0.841
92000 0.870 0.821
93000 0.868 0.839
94000 0.872 0.845
95000 0.866 0.843
96000 0.872 0.840
97000 0.872 0.837
98000 0.866 0.840
99000 0.872 0.844
100000 0.870 0.839
101000 0.870 0.840
102000 0.868 0.845
103000 0.869 0.837
104000 0.873 0.846
105000 0.870 0.841
106000 0.869 0.843
107000 0.869 0.845
108000 0.863 0.845
109000 0.875 0.844
110000 0.871 0.828
111000 0.870 0.839
112000 0.873 0.846
113000 0.866 0.844
114000 0.871 0.843
115000 0.874 0.838
116000 0.870 0.842
117000 0.872 0.845
118000 0.870 0.839
119000 0.872 0.841
120000 0.869 0.840
121000 0.869 0.834
122000 0.875 0.847
123000 0.869 0.843
124000 0.868 0.843
125000 0.871 0.844
