1000 0.658 0.748
2000 0.698 0.792
3000 0.730 0.777
4000 0.756 0.792
5000 0.774 0.791
6000 0.794 0.804
7000 0.803 0.802
8000 0.798 0.804
9000 0.815 0.810
10000 0.814 0.807
11000 0.805 0.811
12000 0.813 0.809
13000 0.826 0.817
14000 0.824 0.813
15000 0.831 0.821
16000 0.823 0.820
17000 0.828 0.818
18000 0.833 0.822
19000 0.831 0.820
20000 0.834 0.821
21000 0.828 0.812
22000 0.838 0.825
23000 0.827 0.825
24000 0.838 0.827
25000 0.834 0.823
26000 0.839 0.829
27000 0.830 0.824
28000 0.834 0.824
29000 0.832 0.821
30000 0.836 0.828
31000 0.838 0.829
32000 0.841 0.828
33000 0.838 0.822
34000 0.836 0.826
35000 0.838 0.826
36000 0.832 0.824
37000 0.836 0.827
38000 0.829 0.822
39000 0.834 0.823
40000 0.835 0.825
41000 0.833 0.825
42000 0.834 0.823
43000 0.835 0.825
44000 0.839 0.825
45000 0.835 0.825
46000 0.836 0.827
47000 0.836 0.826
48000 0.836 0.823
49000 0.837 0.826
50000 0.836 0.819
51000 0.838 0.830
52000 0.836 0.820
53000 0.837 0.825
54000 0.832 0.825
55000 0.834 0.827
56000 0.832 0.826
57000 0.835 0.827
58000 0.835 0.825
59000 0.835 0.827
60000 0.832 0.826
61000 0.831 0.827
62000 0.834 0.828
63000 0.827 0.826
64000 0.834 0.826
65000 0.834 0.824
66000 0.835 0.825
67000 0.834 0.822
68000 0.831 0.824
69000 0.837 0.824
70000 0.836 0.825
71000 0.837 0.824
72000 0.837 0.828
73000 0.834 0.822
74000 0.836 0.825
75000 0.830 0.824
76000 0.831 0.826
77000 0.833 0.824
78000 0.830 0.824
79000 0.830 0.824
80000 0.830 0.825
81000 0.828 0.821
82000 0.831 0.825
83000 0.833 0.827
84000 0.833 0.824
85000 0.832 0.823
86000 0.831 0.822
87000 0.833 0.827
88000 0.826 0.824
89000 0.833 0.825
90000 0.832 0.822
91000 0.834 0.823
92000 0.835 0.821
93000 0.830 0.824
94000 0.834 0.822
95000 0.832 0.824
96000 0.835 0.822
97000 0.831 0.825
98000 0.831 0.824
99000 0.833 0.821
100000 0.830 0.822
101000 0.832 0.826
102000 0.833 0.819
103000 0.831 0.824
104000 0.831 0.820
105000 0.831 0.826
106000 0.829 0.821
107000 0.831 0.824
108000 0.831 0.825
109000 0.832 0.823
110000 0.833 0.822
