1000 0.670 0.735
2000 0.718 0.770
3000 0.747 0.791
4000 0.734 0.791
5000 0.784 0.800
6000 0.789 0.801
7000 0.799 0.806
8000 0.806 0.808
9000 0.810 0.814
10000 0.818 0.804
11000 0.822 0.810
12000 0.822 0.789
13000 0.824 0.817
14000 0.825 0.807
15000 0.832 0.818
16000 0.835 0.816
17000 0.833 0.821
18000 0.830 0.810
19000 0.834 0.820
20000 0.825 0.808
21000 0.829 0.824
22000 0.835 0.823
23000 0.833 0.825
24000 0.835 0.823
25000 0.833 0.824
26000 0.833 0.824
27000 0.836 0.826
28000 0.828 0.824
29000 0.838 0.826
30000 0.839 0.827
31000 0.838 0.825
32000 0.839 0.827
33000 0.841 0.825
34000 0.841 0.826
35000 0.839 0.825
36000 0.840 0.824
37000 0.842 0.825
38000 0.840 0.825
39000 0.841 0.823
40000 0.839 0.824
41000 0.834 0.824
42000 0.836 0.826
43000 0.834 0.823
44000 0.835 0.822
45000 0.835 0.818
46000 0.836 0.824
47000 0.838 0.821
48000 0.837 0.824
49000 0.839 0.824
50000 0.838 0.822
51000 0.841 0.825
52000 0.837 0.822
53000 0.839 0.823
54000 0.838 0.822
55000 0.838 0.821
56000 0.837 0.821
57000 0.839 0.821
58000 0.838 0.822
59000 0.838 0.819
60000 0.839 0.823
61000 0.838 0.823
62000 0.838 0.821
63000 0.838 0.821
64000 0.839 0.823
65000 0.837 0.823
66000 0.838 0.823
67000 0.838 0.821
68000 0.837 0.823
69000 0.837 0.822
70000 0.838 0.822
71000 0.837 0.822
72000 0.838 0.822
73000 0.838 0.821
74000 0.838 0.823
75000 0.838 0.823
76000 0.838 0.823
77000 0.838 0.824
78000 0.838 0.823
79000 0.839 0.826
80000 0.839 0.823
81000 0.836 0.826
82000 0.838 0.822
83000 0.837 0.826
84000 0.837 0.822
85000 0.836 0.825
86000 0.837 0.821
87000 0.836 0.826
88000 0.838 0.821
89000 0.836 0.825
90000 0.836 0.819
91000 0.836 0.824
92000 0.837 0.819
93000 0.834 0.824
94000 0.838 0.820
95000 0.834 0.823
96000 0.836 0.819
97000 0.832 0.822
98000 0.836 0.820
99000 0.832 0.822
100000 0.836 0.820
101000 0.833 0.824
102000 0.835 0.820
103000 0.833 0.822
104000 0.834 0.820
105000 0.833 0.823
106000 0.835 0.820
107000 0.833 0.823
108000 0.834 0.820
109000 0.832 0.823
110000 0.833 0.820
111000 0.830 0.823
