1000 0.616 0.743
2000 0.682 0.748
3000 0.731 0.786
4000 0.712 0.778
5000 0.768 0.797
6000 0.764 0.801
7000 0.791 0.786
8000 0.796 0.808
9000 0.803 0.805
10000 0.797 0.810
11000 0.813 0.808
12000 0.816 0.796
13000 0.823 0.815
14000 0.825 0.821
15000 0.826 0.819
16000 0.831 0.823
17000 0.827 0.811
18000 0.843 0.821
19000 0.829 0.818
20000 0.827 0.822
21000 0.835 0.827
22000 0.840 0.825
23000 0.842 0.828
24000 0.846 0.823
25000 0.853 0.825
26000 0.847 0.824
27000 0.848 0.825
28000 0.842 0.824
29000 0.846 0.825
30000 0.851 0.830
31000 0.852 0.834
32000 0.848 0.828
33000 0.854 0.831
34000 0.852 0.830
35000 0.857 0.821
36000 0.857 0.822
37000 0.851 0.833
38000 0.852 0.827
39000 0.856 0.835
40000 0.856 0.834
41000 0.853 0.822
42000 0.851 0.816
43000 0.858 0.824
44000 0.854 0.831
45000 0.862 0.832
46000 0.859 0.826
47000 0.859 0.829
48000 0.862 0.834
49000 0.865 0.838
50000 0.851 0.818
51000 0.865 0.838
52000 0.857 0.825
53000 0.861 0.827
54000 0.860 0.837
55000 0.865 0.832
56000 0.865 0.834
57000 0.864 0.836
58000 0.868 0.836
59000 0.867 0.842
60000 0.864 0.831
61000 0.858 0.835
62000 0.864 0.834
63000 0.866 0.834
64000 0.866 0.839
65000 0.868 0.837
66000 0.865 0.835
67000 0.867 0.840
68000 0.863 0.828
69000 0.865 0.843
70000 0.861 0.836
71000 0.865 0.834
72000 0.860 0.837
73000 0.871 0.837
74000 0.869 0.846
75000 0.867 0.837
76000 0.865 0.837
77000 0.871 0.838
78000 0.868 0.843
79000 0.869 0.841
80000 0.868 0.835
81000 0.872 0.831
82000 0.858 0.839
83000 0.868 0.841
84000 0.866 0.843
85000 0.870 0.843
86000 0.871 0.839
87000 0.871 0.839
88000 0.870 0.840
89000 0.867 0.843
90000 0.866 0.838
91000 0.872 0.842
92000 0.868 0.838
93000 0.866 0.837
94000 0.873 0.839
95000 0.871 0.836
96000 0.870 0.845
97000 0.868 0.843
98000 0.870 0.834
99000 0.871 0.844
100000 0.871 0.844
101000 0.872 0.841
102000 0.873 0.841
103000 0.869 0.840
104000 0.870 0.842
105000 0.875 0.838
106000 0.865 0.839
107000 0.873 0.844
108000 0.871 0.837
109000 0.869 0.841
110000 0.869 0.836
111000 0.870 0.840
112000 0.874 0.843
113000 0.865 0.837
114000 0.869 0.840
115000 0.872 0.841
116000 0.873 0.843
117000 0.872 0.845
118000 0.869 0.843
