1000 0.610 0.724
2000 0.674 0.756
3000 0.710 0.774
4000 0.738 0.788
5000 0.761 0.804
6000 0.782 0.810
7000 0.780 0.798
8000 0.796 0.799
9000 0.775 0.812
10000 0.788 0.806
11000 0.821 0.808
12000 0.822 0.807
13000 0.825 0.816
14000 0.840 0.818
15000 0.840 0.826
16000 0.838 0.816
17000 0.824 0.811
18000 0.837 0.821
19000 0.838 0.820
20000 0.807 0.817
21000 0.846 0.823
22000 0.844 0.824
23000 0.847 0.823
24000 0.855 0.826
25000 0.856 0.835
26000 0.851 0.831
27000 0.849 0.829
28000 0.857 0.826
29000 0.848 0.822
30000 0.819 0.825
31000 0.853 0.825
32000 0.858 0.834
33000 0.861 0.835
34000 0.858 0.832
35000 0.861 0.838
36000 0.860 0.837
37000 0.853 0.825
38000 0.866 0.835
39000 0.859 0.829
40000 0.844 0.832
41000 0.856 0.829
42000 0.861 0.829
43000 0.860 0.827
44000 0.866 0.837
45000 0.866 0.836
46000 0.862 0.839
47000 0.864 0.828
48000 0.866 0.834
49000 0.865 0.837
50000 0.849 0.841
51000 0.865 0.833
52000 0.862 0.834
53000 0.865 0.830
54000 0.869 0.842
55000 0.867 0.838
56000 0.861 0.838
57000 0.868 0.834
58000 0.870 0.840
59000 0.868 0.841
60000 0.854 0.840
61000 0.868 0.833
62000 0.864 0.841
63000 0.868 0.840
64000 0.872 0.843
65000 0.868 0.841
66000 0.865 0.840
67000 0.868 0.834
68000 0.872 0.843
69000 0.870 0.839
70000 0.862 0.845
71000 0.869 0.837
72000 0.865 0.839
73000 0.869 0.830
74000 0.872 0.845
75000 0.868 0.841
76000 0.867 0.845
77000 0.870 0.841
78000 0.872 0.843
79000 0.873 0.843
80000 0.860 0.845
81000 0.868 0.837
82000 0.868 0.842
83000 0.870 0.839
84000 0.872 0.846
85000 0.865 0.843
86000 0.869 0.844
87000 0.869 0.843
88000 0.869 0.841
89000 0.873 0.843
90000 0.864 0.847
91000 0.866 0.836
92000 0.867 0.840
93000 0.874 0.844
94000 0.871 0.844
95000 0.866 0.843
96000 0.870 0.842
97000 0.859 0.841
98000 0.870 0.842
99000 0.872 0.844
100000 0.865 0.847
101000 0.871 0.836
102000 0.869 0.842
103000 0.873 0.846
104000 0.871 0.845
105000 0.868 0.843
106000 0.868 0.846
107000 0.869 0.844
108000 0.872 0.847
109000 0.875 0.846
110000 0.867 0.846
