1000 0.609 0.672
2000 0.667 0.754
3000 0.694 0.774
4000 0.744 0.792
5000 0.751 0.776
6000 0.769 0.792
7000 0.781 0.801
8000 0.795 0.811
9000 0.805 0.799
10000 0.805 0.812
11000 0.819 0.812
12000 0.814 0.786
13000 0.824 0.799
14000 0.811 0.823
15000 0.824 0.812
16000 0.836 0.812
17000 0.833 0.820
18000 0.826 0.817
19000 0.828 0.813
20000 0.842 0.810
21000 0.845 0.823
22000 0.844 0.823
23000 0.840 0.824
24000 0.848 0.823
25000 0.855 0.828
26000 0.851 0.824
27000 0.857 0.823
28000 0.848 0.832
29000 0.861 0.827
30000 0.860 0.818
31000 0.837 0.820
32000 0.850 0.832
33000 0.847 0.821
34000 0.851 0.818
35000 0.860 0.826
36000 0.850 0.827
37000 0.854 0.818
38000 0.860 0.830
39000 0.861 0.830
40000 0.859 0.835
41000 0.860 0.817
42000 0.860 0.824
43000 0.862 0.828
44000 0.858 0.834
45000 0.866 0.836
46000 0.868 0.832
47000 0.866 0.838
48000 0.862 0.829
49000 0.857 0.825
50000 0.865 0.837
51000 0.854 0.834
52000 0.854 0.838
53000 0.869 0.840
54000 0.845 0.833
55000 0.864 0.826
56000 0.861 0.838
57000 0.860 0.836
58000 0.867 0.839
59000 0.862 0.840
60000 0.863 0.832
61000 0.870 0.837
62000 0.867 0.838
63000 0.870 0.838
64000 0.872 0.839
65000 0.874 0.839
66000 0.870 0.829
67000 0.859 0.828
68000 0.869 0.829
69000 0.863 0.838
70000 0.867 0.841
71000 0.873 0.841
72000 0.863 0.836
73000 0.859 0.836
74000 0.867 0.843
75000 0.867 0.837
76000 0.866 0.843
77000 0.868 0.843
78000 0.868 0.841
79000 0.872 0.838
80000 0.866 0.841
81000 0.871 0.836
82000 0.872 0.840
83000 0.872 0.843
84000 0.872 0.840
85000 0.864 0.839
86000 0.871 0.833
87000 0.867 0.840
88000 0.867 0.842
89000 0.875 0.847
90000 0.869 0.843
91000 0.858 0.828
92000 0.868 0.833
93000 0.869 0.842
94000 0.874 0.844
95000 0.868 0.842
96000 0.863 0.832
97000 0.874 0.840
98000 0.872 0.844
99000 0.875 0.835
100000 0.874 0.840
101000 0.873 0.835
102000 0.869 0.832
103000 0.867 0.839
104000 0.875 0.842
105000 0.868 0.838
106000 0.868 0.841
107000 0.875 0.848
108000 0.867 0.840
109000 0.864 0.834
110000 0.868 0.830
111000 0.871 0.844
112000 0.874 0.843
113000 0.871 0.843
114000 0.872 0.847
115000 0.876 0.841
116000 0.870 0.838
117000 0.873 0.845
118000 0.872 0.842
119000 0.870 0.822
120000 0.870 0.842
121000 0.872 0.842
122000 0.876 0.846
123000 0.874 0.844
124000 0.874 0.843
125000 0.877 0.850
