1000 0.676 0.763
2000 0.728 0.771
3000 0.752 0.786
4000 0.759 0.801
5000 0.766 0.796
6000 0.785 0.802
7000 0.803 0.804
8000 0.804 0.809
9000 0.802 0.810
10000 0.794 0.806
11000 0.805 0.810
12000 0.810 0.812
13000 0.810 0.812
14000 0.813 0.811
15000 0.811 0.809
16000 0.808 0.809
17000 0.809 0.809
18000 0.810 0.807
19000 0.811 0.814
20000 0.812 0.813
21000 0.810 0.811
22000 0.811 0.813
23000 0.810 0.814
24000 0.813 0.814
25000 0.812 0.807
26000 0.812 0.812
27000 0.810 0.816
28000 0.813 0.813
29000 0.813 0.816
30000 0.809 0.811
31000 0.810 0.806
32000 0.811 0.809
33000 0.809 0.804
34000 0.811 0.808
35000 0.813 0.810
36000 0.811 0.808
37000 0.811 0.813
38000 0.809 0.811
39000 0.810 0.810
40000 0.813 0.811
41000 0.811 0.811
42000 0.809 0.812
43000 0.809 0.809
44000 0.812 0.808
45000 0.809 0.806
46000 0.809 0.808
47000 0.810 0.811
48000 0.809 0.809
49000 0.808 0.808
50000 0.810 0.809
51000 0.811 0.804
52000 0.812 0.805
53000 0.809 0.803
54000 0.808 0.807
55000 0.809 0.808
56000 0.810 0.810
57000 0.810 0.811
58000 0.809 0.812
59000 0.808 0.812
60000 0.808 0.811
61000 0.808 0.809
62000 0.808 0.809
63000 0.808 0.809
64000 0.808 0.808
65000 0.809 0.808
66000 0.810 0.807
67000 0.809 0.810
68000 0.810 0.808
69000 0.809 0.809
70000 0.807 0.810
71000 0.808 0.809
72000 0.808 0.808
73000 0.806 0.808
74000 0.808 0.808
75000 0.807 0.808
76000 0.807 0.805
77000 0.807 0.805
78000 0.808 0.805
79000 0.809 0.807
80000 0.807 0.800
81000 0.806 0.801
82000 0.806 0.804
83000 0.808 0.803
84000 0.808 0.805
85000 0.808 0.807
86000 0.808 0.809
87000 0.808 0.810
88000 0.808 0.809
89000 0.807 0.809
90000 0.808 0.809
91000 0.808 0.809
92000 0.808 0.808
93000 0.808 0.809
94000 0.807 0.809
95000 0.809 0.809
96000 0.808 0.808
97000 0.808 0.808
98000 0.807 0.808
99000 0.807 0.807
100000 0.807 0.807
101000 0.805 0.806
