1000 0.567 0.716
2000 0.637 0.773
3000 0.693 0.759
4000 0.703 0.784
5000 0.721 0.775
6000 0.739 0.794
7000 0.744 0.783
8000 0.754 0.796
9000 0.759 0.799
10000 0.762 0.790
11000 0.770 0.803
12000 0.772 0.798
13000 0.775 0.804
14000 0.777 0.799
15000 0.778 0.801
16000 0.781 0.803
17000 0.778 0.802
18000 0.781 0.799
19000 0.784 0.800
20000 0.783 0.804
21000 0.777 0.795
22000 0.786 0.799
23000 0.781 0.802
24000 0.785 0.801
25000 0.781 0.800
26000 0.786 0.802
27000 0.787 0.803
28000 0.786 0.803
29000 0.785 0.801
30000 0.781 0.802
31000 0.779 0.794
32000 0.782 0.793
33000 0.781 0.798
34000 0.781 0.800
35000 0.785 0.802
36000 0.788 0.804
37000 0.787 0.805
38000 0.787 0.804
39000 0.784 0.805
40000 0.784 0.805
41000 0.786 0.806
42000 0.785 0.803
43000 0.785 0.801
44000 0.789 0.797
45000 0.788 0.803
46000 0.788 0.802
47000 0.787 0.802
48000 0.788 0.801
49000 0.787 0.802
50000 0.787 0.801
51000 0.787 0.799
52000 0.788 0.800
53000 0.787 0.801
54000 0.787 0.798
55000 0.787 0.795
56000 0.786 0.795
57000 0.787 0.800
58000 0.785 0.800
59000 0.784 0.800
60000 0.783 0.797
61000 0.783 0.798
62000 0.783 0.799
63000 0.784 0.800
64000 0.786 0.800
65000 0.786 0.800
66000 0.786 0.801
67000 0.786 0.801
68000 0.785 0.800
69000 0.785 0.801
70000 0.785 0.801
71000 0.785 0.801
72000 0.785 0.801
73000 0.784 0.801
74000 0.786 0.800
75000 0.787 0.800
76000 0.787 0.799
77000 0.786 0.799
78000 0.787 0.799
79000 0.787 0.799
80000 0.787 0.799
81000 0.787 0.798
82000 0.787 0.799
83000 0.787 0.798
84000 0.786 0.798
85000 0.786 0.797
86000 0.785 0.798
87000 0.785 0.800
88000 0.785 0.800
89000 0.785 0.800
90000 0.785 0.800
91000 0.785 0.799
92000 0.786 0.800
93000 0.787 0.801
94000 0.787 0.801
95000 0.787 0.801
96000 0.786 0.801
97000 0.786 0.801
98000 0.786 0.801
99000 0.785 0.801
100000 0.786 0.801
101000 0.785 0.802
