1000 0.651 0.766
2000 0.711 0.784
3000 0.748 0.792
4000 0.767 0.796
5000 0.775 0.799
6000 0.781 0.801
7000 0.785 0.800
8000 0.789 0.800
9000 0.794 0.800
10000 0.797 0.801
11000 0.800 0.801
12000 0.804 0.802
13000 0.807 0.804
14000 0.807 0.805
15000 0.808 0.806
16000 0.809 0.806
17000 0.811 0.806
18000 0.812 0.807
19000 0.812 0.808
20000 0.813 0.809
21000 0.813 0.810
22000 0.814 0.811
23000 0.814 0.812
24000 0.814 0.812
25000 0.814 0.813
26000 0.814 0.813
27000 0.813 0.813
28000 0.813 0.814
29000 0.813 0.814
30000 0.813 0.814
31000 0.814 0.814
32000 0.814 0.814
33000 0.814 0.814
34000 0.814 0.814
35000 0.814 0.814
36000 0.813 0.814
37000 0.813 0.814
38000 0.813 0.814
39000 0.813 0.814
40000 0.813 0.814
41000 0.813 0.814
42000 0.813 0.814
43000 0.813 0.814
44000 0.812 0.814
45000 0.813 0.814
46000 0.813 0.813
47000 0.812 0.813
48000 0.812 0.812
49000 0.812 0.812
50000 0.812 0.812
51000 0.812 0.812
52000 0.812 0.812
53000 0.812 0.812
54000 0.812 0.812
55000 0.812 0.812
56000 0.812 0.812
57000 0.812 0.812
58000 0.811 0.811
59000 0.811 0.812
60000 0.811 0.811
61000 0.811 0.811
62000 0.811 0.811
63000 0.811 0.811
64000 0.811 0.811
65000 0.811 0.811
66000 0.810 0.811
67000 0.811 0.810
68000 0.811 0.810
69000 0.811 0.810
70000 0.811 0.810
71000 0.811 0.810
72000 0.810 0.810
73000 0.810 0.810
74000 0.810 0.810
75000 0.810 0.810
76000 0.810 0.810
77000 0.810 0.810
78000 0.810 0.810
79000 0.810 0.810
80000 0.810 0.810
81000 0.809 0.810
82000 0.809 0.810
83000 0.810 0.809
84000 0.810 0.810
85000 0.810 0.810
86000 0.810 0.810
87000 0.810 0.809
88000 0.810 0.809
89000 0.809 0.809
90000 0.809 0.809
91000 0.810 0.809
92000 0.810 0.809
93000 0.809 0.809
94000 0.809 0.809
95000 0.809 0.809
96000 0.809 0.808
97000 0.809 0.808
98000 0.809 0.808
99000 0.809 0.808
100000 0.809 0.808
101000 0.809 0.808
