1000 0.568 0.722
2000 0.655 0.770
3000 0.694 0.765
4000 0.708 0.786
5000 0.725 0.772
6000 0.742 0.790
7000 0.753 0.787
8000 0.750 0.790
9000 0.759 0.797
10000 0.762 0.796
11000 0.769 0.800
12000 0.767 0.799
13000 0.767 0.801
14000 0.778 0.801
15000 0.778 0.800
16000 0.781 0.801
17000 0.783 0.802
18000 0.781 0.798
19000 0.783 0.791
20000 0.782 0.798
21000 0.784 0.793
22000 0.788 0.800
23000 0.784 0.798
24000 0.788 0.800
25000 0.783 0.799
26000 0.788 0.799
27000 0.787 0.799
28000 0.786 0.799
29000 0.786 0.799
30000 0.785 0.799
31000 0.783 0.798
32000 0.782 0.800
33000 0.786 0.800
34000 0.785 0.801
35000 0.787 0.801
36000 0.787 0.802
37000 0.785 0.801
38000 0.787 0.801
39000 0.782 0.802
40000 0.785 0.802
41000 0.786 0.803
42000 0.784 0.802
43000 0.782 0.801
44000 0.786 0.798
45000 0.787 0.801
46000 0.786 0.801
47000 0.787 0.801
48000 0.789 0.801
49000 0.788 0.795
50000 0.787 0.796
51000 0.786 0.796
52000 0.786 0.796
53000 0.786 0.797
54000 0.788 0.795
55000 0.788 0.795
56000 0.787 0.794
57000 0.787 0.799
58000 0.788 0.800
59000 0.787 0.801
60000 0.785 0.799
61000 0.787 0.802
62000 0.788 0.801
63000 0.788 0.801
64000 0.788 0.801
65000 0.788 0.801
66000 0.786 0.801
67000 0.786 0.802
68000 0.786 0.802
69000 0.786 0.801
70000 0.785 0.802
71000 0.785 0.801
72000 0.785 0.801
73000 0.784 0.801
74000 0.786 0.799
75000 0.788 0.799
76000 0.788 0.799
77000 0.788 0.798
78000 0.788 0.798
79000 0.789 0.796
80000 0.789 0.796
81000 0.790 0.796
82000 0.790 0.796
83000 0.790 0.797
84000 0.789 0.796
85000 0.789 0.797
86000 0.789 0.797
87000 0.788 0.799
88000 0.787 0.799
89000 0.788 0.800
90000 0.785 0.800
91000 0.786 0.800
92000 0.787 0.800
93000 0.788 0.800
94000 0.788 0.800
95000 0.787 0.800
96000 0.786 0.800
97000 0.786 0.801
98000 0.786 0.800
99000 0.785 0.801
100000 0.786 0.799
101000 0.785 0.800
