1000 0.661 0.768
2000 0.715 0.775
3000 0.760 0.788
4000 0.771 0.801
5000 0.776 0.782
6000 0.785 0.793
7000 0.790 0.807
8000 0.788 0.811
9000 0.801 0.810
10000 0.804 0.817
11000 0.807 0.818
12000 0.810 0.820
13000 0.809 0.817
14000 0.810 0.817
15000 0.809 0.818
16000 0.810 0.820
17000 0.810 0.815
18000 0.812 0.816
19000 0.813 0.814
20000 0.807 0.815
21000 0.807 0.814
22000 0.807 0.812
23000 0.806 0.811
24000 0.811 0.817
25000 0.811 0.816
26000 0.813 0.816
27000 0.809 0.817
28000 0.810 0.816
29000 0.811 0.817
30000 0.810 0.818
31000 0.810 0.817
32000 0.804 0.817
33000 0.807 0.817
34000 0.808 0.816
35000 0.808 0.817
36000 0.806 0.816
37000 0.809 0.818
38000 0.809 0.818
39000 0.811 0.817
40000 0.809 0.819
41000 0.810 0.819
42000 0.811 0.818
43000 0.810 0.817
44000 0.811 0.817
45000 0.810 0.815
46000 0.809 0.814
47000 0.808 0.811
48000 0.807 0.814
49000 0.806 0.814
50000 0.805 0.812
51000 0.805 0.813
52000 0.805 0.811
53000 0.808 0.814
54000 0.807 0.815
55000 0.809 0.816
56000 0.809 0.815
57000 0.810 0.815
58000 0.810 0.814
59000 0.810 0.813
60000 0.809 0.815
61000 0.806 0.814
62000 0.808 0.813
63000 0.805 0.813
64000 0.807 0.815
65000 0.808 0.815
66000 0.808 0.814
67000 0.808 0.815
68000 0.809 0.815
69000 0.810 0.816
70000 0.809 0.816
71000 0.807 0.816
72000 0.807 0.815
73000 0.808 0.815
74000 0.809 0.814
75000 0.810 0.813
76000 0.808 0.813
77000 0.805 0.812
78000 0.805 0.813
79000 0.806 0.814
80000 0.806 0.813
81000 0.807 0.813
82000 0.806 0.814
83000 0.807 0.814
84000 0.808 0.815
85000 0.807 0.815
86000 0.808 0.814
87000 0.809 0.814
88000 0.808 0.813
89000 0.808 0.814
90000 0.807 0.813
91000 0.807 0.813
92000 0.807 0.813
93000 0.807 0.812
94000 0.807 0.814
95000 0.807 0.815
96000 0.807 0.815
97000 0.806 0.814
98000 0.806 0.813
99000 0.807 0.813
100000 0.807 0.813
101000 0.807 0.814
