1000 0.573 0.718
2000 0.631 0.773
3000 0.689 0.763
4000 0.707 0.790
5000 0.724 0.777
6000 0.739 0.793
7000 0.751 0.790
8000 0.747 0.794
9000 0.754 0.800
10000 0.759 0.796
11000 0.767 0.803
12000 0.764 0.802
13000 0.767 0.803
14000 0.775 0.800
15000 0.777 0.801
16000 0.779 0.800
17000 0.773 0.800
18000 0.775 0.800
19000 0.779 0.796
20000 0.777 0.796
21000 0.775 0.786
22000 0.783 0.796
23000 0.783 0.792
24000 0.783 0.795
25000 0.781 0.795
26000 0.783 0.794
27000 0.780 0.801
28000 0.777 0.802
29000 0.777 0.799
30000 0.779 0.797
31000 0.771 0.797
32000 0.774 0.799
33000 0.777 0.797
34000 0.778 0.797
35000 0.783 0.798
36000 0.784 0.800
37000 0.783 0.798
38000 0.784 0.799
39000 0.780 0.800
40000 0.782 0.801
41000 0.783 0.801
42000 0.784 0.802
43000 0.783 0.801
44000 0.785 0.800
45000 0.785 0.800
46000 0.784 0.799
47000 0.784 0.799
48000 0.784 0.800
49000 0.784 0.798
50000 0.785 0.796
51000 0.785 0.795
52000 0.785 0.797
53000 0.783 0.798
54000 0.784 0.794
55000 0.784 0.796
56000 0.784 0.796
57000 0.784 0.799
58000 0.785 0.801
59000 0.785 0.798
60000 0.783 0.797
61000 0.783 0.799
62000 0.783 0.799
63000 0.785 0.798
64000 0.784 0.798
65000 0.783 0.798
66000 0.783 0.799
67000 0.782 0.800
68000 0.783 0.800
69000 0.782 0.800
70000 0.782 0.800
71000 0.782 0.800
72000 0.781 0.800
73000 0.781 0.799
74000 0.783 0.797
75000 0.783 0.798
76000 0.783 0.798
77000 0.783 0.797
78000 0.784 0.797
79000 0.784 0.796
80000 0.783 0.795
81000 0.783 0.795
82000 0.783 0.795
83000 0.783 0.796
84000 0.784 0.796
85000 0.784 0.796
86000 0.783 0.796
87000 0.783 0.798
88000 0.784 0.798
89000 0.784 0.798
90000 0.783 0.797
91000 0.783 0.797
92000 0.783 0.798
93000 0.783 0.798
94000 0.783 0.797
95000 0.783 0.798
96000 0.782 0.798
97000 0.782 0.798
98000 0.782 0.798
99000 0.782 0.799
100000 0.782 0.798
101000 0.783 0.798
