1000 0.674 0.766
2000 0.725 0.781
3000 0.747 0.782
4000 0.777 0.790
5000 0.780 0.794
6000 0.786 0.799
7000 0.790 0.807
8000 0.803 0.802
9000 0.802 0.806
10000 0.806 0.809
11000 0.809 0.809
12000 0.812 0.809
13000 0.812 0.810
14000 0.812 0.817
15000 0.812 0.816
16000 0.810 0.814
17000 0.812 0.811
18000 0.812 0.812
19000 0.813 0.814
20000 0.813 0.812
21000 0.812 0.811
22000 0.814 0.808
23000 0.814 0.808
24000 0.812 0.810
25000 0.812 0.811
26000 0.811 0.811
27000 0.808 0.813
28000 0.809 0.814
29000 0.810 0.813
30000 0.811 0.812
31000 0.811 0.812
32000 0.810 0.812
33000 0.810 0.811
34000 0.811 0.811
35000 0.811 0.810
36000 0.811 0.811
37000 0.810 0.812
38000 0.811 0.813
39000 0.811 0.813
40000 0.811 0.812
41000 0.811 0.811
42000 0.811 0.811
43000 0.811 0.811
44000 0.811 0.810
45000 0.810 0.810
46000 0.812 0.812
47000 0.812 0.812
48000 0.812 0.811
49000 0.813 0.811
50000 0.813 0.810
51000 0.812 0.811
52000 0.813 0.811
53000 0.813 0.811
54000 0.811 0.810
55000 0.811 0.810
56000 0.810 0.810
57000 0.810 0.810
58000 0.810 0.809
59000 0.810 0.809
60000 0.810 0.808
61000 0.810 0.808
62000 0.810 0.807
63000 0.809 0.807
64000 0.809 0.806
65000 0.809 0.807
66000 0.809 0.806
67000 0.808 0.806
68000 0.810 0.806
69000 0.809 0.806
70000 0.809 0.806
71000 0.809 0.806
72000 0.810 0.806
73000 0.809 0.805
74000 0.809 0.804
75000 0.809 0.805
76000 0.809 0.804
77000 0.810 0.805
78000 0.810 0.805
79000 0.810 0.805
80000 0.810 0.805
81000 0.809 0.805
82000 0.809 0.807
83000 0.809 0.807
84000 0.808 0.807
85000 0.808 0.807
86000 0.808 0.807
87000 0.807 0.807
88000 0.808 0.806
89000 0.807 0.806
90000 0.807 0.805
91000 0.807 0.805
92000 0.807 0.805
93000 0.807 0.804
94000 0.807 0.804
95000 0.808 0.806
96000 0.808 0.806
97000 0.808 0.806
98000 0.808 0.806
99000 0.809 0.806
100000 0.809 0.806
101000 0.809 0.806
