1000 0.587 0.711
2000 0.662 0.739
3000 0.681 0.784
4000 0.736 0.796
5000 0.724 0.797
6000 0.757 0.787
7000 0.775 0.807
8000 0.785 0.812
9000 0.795 0.797
10000 0.802 0.807
11000 0.801 0.811
12000 0.813 0.794
13000 0.818 0.802
14000 0.822 0.813
15000 0.818 0.813
16000 0.836 0.812
17000 0.831 0.818
18000 0.832 0.823
19000 0.837 0.821
20000 0.843 0.806
21000 0.839 0.822
22000 0.854 0.829
23000 0.851 0.826
24000 0.850 0.820
25000 0.855 0.826
26000 0.854 0.828
27000 0.857 0.829
28000 0.856 0.828
29000 0.857 0.828
30000 0.860 0.822
31000 0.855 0.825
32000 0.851 0.817
33000 0.851 0.821
34000 0.849 0.813
35000 0.857 0.829
36000 0.858 0.834
37000 0.845 0.818
38000 0.854 0.832
39000 0.852 0.833
40000 0.864 0.836
41000 0.856 0.834
42000 0.863 0.829
43000 0.863 0.835
44000 0.861 0.833
45000 0.863 0.824
46000 0.865 0.837
47000 0.866 0.839
48000 0.867 0.828
49000 0.861 0.816
50000 0.866 0.829
51000 0.863 0.836
52000 0.863 0.835
53000 0.867 0.838
54000 0.857 0.836
55000 0.848 0.835
56000 0.867 0.833
57000 0.868 0.836
58000 0.870 0.843
59000 0.872 0.846
60000 0.870 0.840
61000 0.869 0.833
62000 0.870 0.835
63000 0.866 0.833
64000 0.872 0.833
65000 0.868 0.843
66000 0.875 0.835
67000 0.870 0.842
68000 0.868 0.828
69000 0.870 0.843
70000 0.865 0.838
71000 0.870 0.841
72000 0.870 0.839
73000 0.858 0.837
74000 0.870 0.834
75000 0.874 0.843
76000 0.877 0.840
77000 0.876 0.845
78000 0.873 0.829
79000 0.872 0.836
80000 0.871 0.829
81000 0.868 0.839
82000 0.873 0.841
83000 0.871 0.841
84000 0.874 0.837
85000 0.868 0.845
86000 0.875 0.837
87000 0.871 0.840
88000 0.869 0.840
89000 0.867 0.843
90000 0.869 0.836
91000 0.870 0.836
92000 0.873 0.834
93000 0.874 0.844
94000 0.872 0.841
95000 0.874 0.846
96000 0.877 0.844
97000 0.881 0.839
98000 0.871 0.830
99000 0.871 0.837
100000 0.870 0.844
101000 0.868 0.833
102000 0.874 0.840
103000 0.877 0.841
104000 0.875 0.845
105000 0.872 0.844
106000 0.874 0.844
107000 0.872 0.845
108000 0.869 0.837
109000 0.874 0.840
110000 0.878 0.843
111000 0.874 0.846
112000 0.875 0.843
113000 0.870 0.838
114000 0.878 0.848
115000 0.875 0.839
116000 0.877 0.841
117000 0.876 0.841
118000 0.876 0.844
119000 0.873 0.830
120000 0.877 0.838
121000 0.875 0.846
122000 0.876 0.842
123000 0.869 0.836
124000 0.879 0.847
125000 0.875 0.848
126000 0.874 0.844
127000 0.879 0.845
128000 0.876 0.845
129000 0.876 0.846
130000 0.879 0.847
131000 0.879 0.839
132000 0.880 0.846
133000 0.877 0.845
134000 0.875 0.841
135000 0.875 0.843
136000 0.879 0.848
137000 0.877 0.842
138000 0.878 0.846
139000 0.881 0.851
140000 0.880 0.847
141000 0.873 0.849
142000 0.875 0.836
143000 0.879 0.850
144000 0.879 0.847
145000 0.877 0.845
146000 0.874 0.845
147000 0.876 0.846
148000 0.876 0.848
149000 0.877 0.845
150000 0.878 0.848
151000 0.878 0.846
152000 0.878 0.835
153000 0.878 0.844
154000 0.880 0.844
155000 0.877 0.840
156000 0.875 0.840
157000 0.880 0.852
158000 0.879 0.846
159000 0.878 0.850
160000 0.879 0.847
161000 0.878 0.844
162000 0.878 0.848
163000 0.881 0.842
164000 0.875 0.847
165000 0.877 0.842
166000 0.878 0.848
167000 0.879 0.841
168000 0.879 0.845
169000 0.880 0.844
170000 0.879 0.846
171000 0.881 0.844
172000 0.881 0.847
173000 0.880 0.844
174000 0.879 0.847
175000 0.879 0.850
176000 0.880 0.847
177000 0.875 0.846
178000 0.881 0.837
179000 0.875 0.843
