1000 0.604 0.719
2000 0.673 0.762
3000 0.717 0.785
4000 0.719 0.792
5000 0.770 0.798
6000 0.771 0.802
7000 0.761 0.811
8000 0.796 0.803
9000 0.811 0.813
10000 0.787 0.805
11000 0.810 0.801
12000 0.816 0.811
13000 0.814 0.813
14000 0.831 0.816
15000 0.829 0.803
16000 0.835 0.821
17000 0.839 0.822
18000 0.838 0.827
19000 0.833 0.807
20000 0.828 0.819
21000 0.818 0.809
22000 0.849 0.821
23000 0.847 0.831
24000 0.851 0.816
25000 0.845 0.824
26000 0.853 0.817
27000 0.855 0.830
28000 0.849 0.827
29000 0.853 0.834
30000 0.845 0.824
31000 0.852 0.824
32000 0.856 0.827
33000 0.853 0.835
34000 0.855 0.826
35000 0.854 0.825
36000 0.861 0.833
37000 0.859 0.830
38000 0.854 0.826
39000 0.862 0.833
40000 0.848 0.829
41000 0.860 0.832
42000 0.862 0.834
43000 0.855 0.839
44000 0.856 0.825
45000 0.852 0.834
46000 0.862 0.835
47000 0.862 0.832
48000 0.859 0.824
49000 0.866 0.840
50000 0.850 0.832
51000 0.862 0.834
52000 0.866 0.836
53000 0.857 0.835
54000 0.860 0.822
55000 0.858 0.836
56000 0.867 0.836
57000 0.861 0.838
58000 0.859 0.831
59000 0.863 0.838
60000 0.857 0.840
61000 0.861 0.834
62000 0.866 0.828
63000 0.866 0.829
64000 0.864 0.826
65000 0.866 0.835
66000 0.868 0.840
67000 0.867 0.837
68000 0.862 0.836
69000 0.866 0.839
70000 0.857 0.838
71000 0.863 0.840
72000 0.867 0.833
73000 0.866 0.835
74000 0.862 0.838
75000 0.871 0.840
76000 0.866 0.837
77000 0.868 0.839
78000 0.860 0.833
79000 0.864 0.842
80000 0.866 0.840
81000 0.860 0.839
82000 0.870 0.839
83000 0.865 0.840
84000 0.864 0.842
85000 0.867 0.843
86000 0.870 0.837
87000 0.870 0.838
88000 0.859 0.833
89000 0.868 0.844
90000 0.868 0.835
91000 0.857 0.840
92000 0.869 0.841
93000 0.859 0.830
94000 0.866 0.842
95000 0.868 0.841
96000 0.870 0.843
97000 0.872 0.842
98000 0.862 0.838
99000 0.868 0.845
100000 0.872 0.842
