1000 0.629 0.701
2000 0.674 0.757
3000 0.723 0.784
4000 0.735 0.794
5000 0.746 0.803
6000 0.773 0.797
7000 0.794 0.804
8000 0.800 0.815
9000 0.801 0.809
10000 0.799 0.812
11000 0.822 0.809
12000 0.814 0.815
13000 0.821 0.814
14000 0.830 0.820
15000 0.825 0.813
16000 0.826 0.820
17000 0.832 0.820
18000 0.827 0.822
19000 0.840 0.829
20000 0.842 0.827
21000 0.846 0.827
22000 0.842 0.830
23000 0.838 0.821
24000 0.849 0.832
25000 0.858 0.833
26000 0.852 0.833
27000 0.855 0.832
28000 0.853 0.832
29000 0.849 0.836
30000 0.857 0.824
31000 0.852 0.830
32000 0.858 0.837
33000 0.853 0.831
34000 0.857 0.828
35000 0.861 0.824
36000 0.852 0.833
37000 0.854 0.831
38000 0.857 0.834
39000 0.862 0.836
40000 0.851 0.840
41000 0.863 0.835
42000 0.863 0.828
43000 0.867 0.833
44000 0.864 0.835
45000 0.868 0.836
46000 0.862 0.836
47000 0.866 0.838
48000 0.867 0.835
49000 0.857 0.832
50000 0.862 0.844
51000 0.859 0.834
52000 0.860 0.832
53000 0.868 0.840
54000 0.868 0.838
55000 0.867 0.840
56000 0.868 0.839
57000 0.865 0.844
58000 0.869 0.845
59000 0.867 0.837
60000 0.870 0.838
61000 0.873 0.843
62000 0.866 0.843
63000 0.868 0.838
64000 0.872 0.841
65000 0.869 0.846
66000 0.866 0.837
67000 0.861 0.830
68000 0.862 0.841
69000 0.861 0.837
70000 0.859 0.829
71000 0.873 0.844
72000 0.861 0.842
73000 0.862 0.844
74000 0.871 0.842
75000 0.874 0.848
76000 0.872 0.846
77000 0.873 0.848
78000 0.871 0.842
79000 0.874 0.847
80000 0.872 0.844
81000 0.870 0.838
82000 0.875 0.844
83000 0.873 0.841
84000 0.870 0.843
85000 0.860 0.838
86000 0.869 0.847
87000 0.871 0.845
88000 0.871 0.844
89000 0.876 0.851
90000 0.871 0.846
91000 0.865 0.844
92000 0.874 0.840
93000 0.874 0.846
94000 0.873 0.848
95000 0.875 0.850
96000 0.874 0.840
97000 0.875 0.846
98000 0.873 0.839
99000 0.870 0.845
100000 0.875 0.842
101000 0.873 0.848
102000 0.876 0.838
103000 0.864 0.842
104000 0.873 0.844
105000 0.877 0.842
106000 0.863 0.845
107000 0.879 0.850
108000 0.877 0.847
109000 0.870 0.839
110000 0.874 0.843
111000 0.878 0.847
112000 0.873 0.849
113000 0.875 0.853
114000 0.875 0.840
115000 0.877 0.844
116000 0.875 0.848
117000 0.867 0.846
118000 0.874 0.845
119000 0.877 0.848
120000 0.877 0.846
121000 0.869 0.847
122000 0.874 0.845
123000 0.878 0.845
124000 0.864 0.847
125000 0.875 0.851
126000 0.879 0.845
127000 0.877 0.846
128000 0.871 0.841
129000 0.878 0.850
130000 0.869 0.848
131000 0.874 0.851
132000 0.877 0.847
133000 0.878 0.847
134000 0.876 0.844
135000 0.870 0.845
136000 0.877 0.847
137000 0.878 0.851
138000 0.877 0.843
139000 0.871 0.843
140000 0.877 0.852
141000 0.879 0.845
142000 0.866 0.847
143000 0.877 0.851
144000 0.878 0.848
145000 0.873 0.848
146000 0.871 0.847
147000 0.875 0.850
148000 0.873 0.848
149000 0.876 0.848
150000 0.877 0.852
151000 0.879 0.846
152000 0.873 0.845
153000 0.875 0.844
154000 0.873 0.850
155000 0.874 0.850
156000 0.876 0.846
157000 0.876 0.844
158000 0.879 0.851
159000 0.877 0.844
160000 0.869 0.849
161000 0.879 0.850
162000 0.868 0.841
163000 0.876 0.852
164000 0.871 0.848
165000 0.876 0.848
166000 0.872 0.847
167000 0.876 0.839
168000 0.876 0.852
169000 0.875 0.851
170000 0.879 0.851
171000 0.876 0.846
172000 0.874 0.849
173000 0.872 0.849
174000 0.875 0.848
175000 0.874 0.848
176000 0.881 0.851
177000 0.875 0.848
178000 0.870 0.851
179000 0.877 0.850
