1000 0.603 0.749
2000 0.679 0.778
3000 0.722 0.791
4000 0.727 0.799
5000 0.780 0.793
6000 0.781 0.800
7000 0.783 0.802
8000 0.803 0.813
9000 0.785 0.798
10000 0.761 0.793
11000 0.823 0.810
12000 0.821 0.820
13000 0.825 0.817
14000 0.843 0.818
15000 0.821 0.815
16000 0.839 0.821
17000 0.841 0.821
18000 0.840 0.809
19000 0.840 0.823
20000 0.825 0.814
21000 0.839 0.821
22000 0.849 0.828
23000 0.849 0.824
24000 0.855 0.828
25000 0.852 0.827
26000 0.856 0.831
27000 0.852 0.829
28000 0.853 0.824
29000 0.858 0.836
30000 0.854 0.831
31000 0.853 0.832
32000 0.854 0.834
33000 0.854 0.837
34000 0.862 0.833
35000 0.855 0.838
36000 0.854 0.833
37000 0.865 0.829
38000 0.859 0.840
39000 0.863 0.832
40000 0.861 0.837
41000 0.864 0.837
42000 0.856 0.837
43000 0.859 0.836
44000 0.863 0.836
45000 0.861 0.840
46000 0.862 0.842
47000 0.870 0.837
48000 0.862 0.842
49000 0.868 0.838
50000 0.861 0.841
51000 0.865 0.832
52000 0.868 0.837
53000 0.865 0.836
54000 0.866 0.836
55000 0.859 0.839
56000 0.863 0.843
57000 0.870 0.827
58000 0.866 0.841
59000 0.868 0.841
60000 0.858 0.837
61000 0.864 0.835
62000 0.868 0.843
63000 0.873 0.830
64000 0.869 0.838
65000 0.864 0.840
66000 0.867 0.841
67000 0.870 0.838
68000 0.868 0.837
69000 0.866 0.844
70000 0.870 0.845
71000 0.852 0.838
72000 0.873 0.843
73000 0.869 0.838
74000 0.865 0.842
75000 0.864 0.841
76000 0.868 0.842
77000 0.869 0.839
78000 0.868 0.842
79000 0.871 0.843
80000 0.870 0.844
81000 0.864 0.843
82000 0.872 0.843
83000 0.875 0.839
84000 0.872 0.841
85000 0.861 0.841
86000 0.868 0.843
87000 0.870 0.843
88000 0.868 0.834
89000 0.871 0.845
90000 0.869 0.847
91000 0.871 0.845
92000 0.874 0.841
93000 0.875 0.844
94000 0.873 0.843
95000 0.868 0.842
96000 0.870 0.847
97000 0.871 0.839
98000 0.872 0.840
99000 0.873 0.843
100000 0.868 0.848
