1000 0.599 0.711
2000 0.670 0.761
3000 0.694 0.786
4000 0.746 0.780
5000 0.760 0.790
6000 0.767 0.806
7000 0.782 0.798
8000 0.800 0.801
9000 0.806 0.808
10000 0.812 0.817
11000 0.809 0.815
12000 0.812 0.821
13000 0.817 0.820
14000 0.828 0.821
15000 0.832 0.819
16000 0.840 0.826
17000 0.832 0.821
18000 0.832 0.816
19000 0.837 0.825
20000 0.843 0.815
21000 0.848 0.826
22000 0.847 0.826
23000 0.849 0.808
24000 0.851 0.827
25000 0.850 0.819
26000 0.843 0.831
27000 0.864 0.830
28000 0.855 0.823
29000 0.855 0.830
30000 0.850 0.829
31000 0.845 0.834
32000 0.854 0.835
33000 0.861 0.827
34000 0.856 0.833
35000 0.858 0.830
36000 0.857 0.830
37000 0.861 0.832
38000 0.865 0.825
39000 0.867 0.836
40000 0.868 0.833
41000 0.863 0.821
42000 0.863 0.835
43000 0.863 0.827
44000 0.861 0.836
45000 0.873 0.839
46000 0.860 0.834
47000 0.865 0.836
48000 0.862 0.839
49000 0.856 0.838
50000 0.865 0.839
51000 0.868 0.834
52000 0.863 0.833
53000 0.867 0.840
54000 0.862 0.839
55000 0.868 0.839
56000 0.868 0.832
57000 0.874 0.840
58000 0.873 0.838
59000 0.865 0.832
60000 0.866 0.842
61000 0.866 0.833
62000 0.870 0.846
63000 0.875 0.845
64000 0.865 0.836
65000 0.869 0.837
66000 0.869 0.844
67000 0.862 0.842
68000 0.870 0.839
69000 0.869 0.832
70000 0.869 0.840
71000 0.870 0.845
72000 0.867 0.841
73000 0.873 0.842
74000 0.871 0.839
75000 0.875 0.843
76000 0.874 0.843
77000 0.864 0.835
78000 0.869 0.838
79000 0.871 0.838
80000 0.869 0.845
81000 0.875 0.849
82000 0.869 0.837
83000 0.867 0.839
84000 0.873 0.846
85000 0.865 0.843
86000 0.869 0.846
87000 0.871 0.839
88000 0.872 0.845
89000 0.869 0.845
90000 0.870 0.839
91000 0.874 0.843
92000 0.874 0.834
93000 0.876 0.844
94000 0.877 0.847
95000 0.868 0.835
96000 0.868 0.844
97000 0.871 0.841
98000 0.867 0.843
99000 0.877 0.850
100000 0.871 0.838
101000 0.869 0.841
102000 0.874 0.842
103000 0.872 0.845
104000 0.867 0.846
105000 0.874 0.845
106000 0.874 0.847
107000 0.868 0.846
108000 0.870 0.842
109000 0.875 0.843
110000 0.876 0.839
111000 0.877 0.845
112000 0.876 0.845
113000 0.870 0.838
114000 0.871 0.847
115000 0.873 0.845
116000 0.868 0.842
117000 0.878 0.850
118000 0.873 0.841
119000 0.872 0.843
120000 0.875 0.846
121000 0.869 0.841
122000 0.869 0.847
123000 0.877 0.848
124000 0.874 0.848
125000 0.869 0.848
126000 0.876 0.845
127000 0.875 0.845
128000 0.878 0.839
129000 0.878 0.848
130000 0.876 0.845
131000 0.872 0.841
132000 0.873 0.848
133000 0.875 0.845
134000 0.875 0.844
135000 0.879 0.849
136000 0.870 0.844
137000 0.875 0.848
138000 0.876 0.848
139000 0.869 0.838
140000 0.871 0.849
141000 0.879 0.850
142000 0.875 0.847
143000 0.869 0.848
144000 0.878 0.843
145000 0.876 0.848
146000 0.878 0.839
147000 0.879 0.849
148000 0.878 0.845
149000 0.874 0.845
150000 0.876 0.849
151000 0.877 0.849
152000 0.877 0.843
153000 0.882 0.850
154000 0.876 0.846
155000 0.877 0.850
156000 0.880 0.845
157000 0.869 0.839
158000 0.875 0.851
159000 0.883 0.850
160000 0.877 0.847
161000 0.873 0.848
162000 0.882 0.845
163000 0.879 0.845
164000 0.881 0.838
165000 0.881 0.850
166000 0.881 0.846
167000 0.877 0.845
168000 0.880 0.848
169000 0.879 0.849
170000 0.879 0.845
171000 0.885 0.849
172000 0.879 0.846
173000 0.877 0.849
174000 0.882 0.844
175000 0.865 0.842
176000 0.876 0.853
177000 0.884 0.849
178000 0.875 0.845
179000 0.875 0.850
