1000 0.632 0.754
2000 0.650 0.755
3000 0.719 0.781
4000 0.760 0.780
5000 0.772 0.785
6000 0.772 0.796
7000 0.773 0.809
8000 0.793 0.812
9000 0.799 0.808
10000 0.784 0.784
11000 0.820 0.795
12000 0.813 0.813
13000 0.828 0.821
14000 0.833 0.822
15000 0.834 0.808
16000 0.836 0.816
17000 0.836 0.822
18000 0.838 0.824
19000 0.838 0.823
20000 0.821 0.817
21000 0.844 0.819
22000 0.844 0.831
23000 0.848 0.823
24000 0.845 0.822
25000 0.839 0.828
26000 0.850 0.829
27000 0.857 0.829
28000 0.848 0.829
29000 0.845 0.834
30000 0.849 0.834
31000 0.856 0.826
32000 0.854 0.835
33000 0.854 0.825
34000 0.857 0.834
35000 0.858 0.833
36000 0.859 0.834
37000 0.865 0.836
38000 0.857 0.832
39000 0.860 0.839
40000 0.865 0.840
41000 0.855 0.832
42000 0.859 0.834
43000 0.860 0.834
44000 0.854 0.830
45000 0.858 0.831
46000 0.860 0.839
47000 0.865 0.836
48000 0.858 0.826
49000 0.866 0.835
50000 0.866 0.840
51000 0.866 0.837
52000 0.857 0.836
53000 0.864 0.840
54000 0.861 0.839
55000 0.867 0.841
56000 0.862 0.836
57000 0.869 0.842
58000 0.870 0.840
59000 0.865 0.840
60000 0.866 0.835
61000 0.860 0.837
62000 0.866 0.844
63000 0.864 0.842
64000 0.863 0.842
65000 0.869 0.840
66000 0.868 0.839
67000 0.866 0.836
68000 0.859 0.834
69000 0.868 0.845
70000 0.872 0.845
71000 0.868 0.843
72000 0.867 0.839
73000 0.869 0.846
74000 0.868 0.850
75000 0.867 0.843
76000 0.861 0.842
77000 0.868 0.845
78000 0.865 0.842
79000 0.869 0.843
80000 0.867 0.834
81000 0.868 0.839
82000 0.868 0.840
83000 0.872 0.843
84000 0.870 0.846
85000 0.872 0.845
86000 0.867 0.846
87000 0.873 0.846
88000 0.865 0.838
89000 0.871 0.835
90000 0.869 0.843
91000 0.868 0.841
92000 0.870 0.838
93000 0.872 0.841
94000 0.864 0.843
95000 0.875 0.840
96000 0.873 0.846
97000 0.868 0.843
98000 0.870 0.838
99000 0.873 0.848
100000 0.870 0.843
101000 0.866 0.845
