1000 0.562 0.711
2000 0.658 0.767
3000 0.699 0.768
4000 0.728 0.763
5000 0.775 0.804
6000 0.769 0.799
7000 0.786 0.805
8000 0.789 0.806
9000 0.802 0.815
10000 0.801 0.810
11000 0.831 0.807
12000 0.823 0.816
13000 0.829 0.810
14000 0.842 0.817
15000 0.840 0.823
16000 0.845 0.825
17000 0.846 0.823
18000 0.845 0.823
19000 0.845 0.828
20000 0.837 0.825
21000 0.854 0.820
22000 0.857 0.827
23000 0.854 0.829
24000 0.860 0.829
25000 0.862 0.833
26000 0.863 0.835
27000 0.850 0.828
28000 0.856 0.827
29000 0.862 0.835
30000 0.855 0.834
31000 0.857 0.826
32000 0.862 0.833
33000 0.861 0.832
34000 0.868 0.835
35000 0.868 0.837
36000 0.866 0.841
37000 0.860 0.835
38000 0.862 0.832
39000 0.866 0.838
40000 0.862 0.836
41000 0.861 0.832
42000 0.868 0.840
43000 0.859 0.833
44000 0.871 0.838
45000 0.870 0.841
46000 0.872 0.844
47000 0.863 0.835
48000 0.867 0.835
49000 0.868 0.842
50000 0.866 0.840
51000 0.864 0.835
52000 0.867 0.843
53000 0.865 0.841
54000 0.874 0.843
55000 0.873 0.842
56000 0.873 0.843
57000 0.869 0.844
58000 0.870 0.837
59000 0.869 0.844
60000 0.873 0.846
61000 0.868 0.842
62000 0.868 0.840
63000 0.868 0.845
64000 0.874 0.844
65000 0.874 0.844
66000 0.873 0.848
67000 0.872 0.845
68000 0.868 0.841
69000 0.873 0.846
70000 0.872 0.845
71000 0.869 0.842
72000 0.876 0.841
73000 0.870 0.847
74000 0.876 0.847
75000 0.876 0.844
76000 0.875 0.850
77000 0.872 0.846
78000 0.868 0.844
79000 0.873 0.849
80000 0.868 0.845
81000 0.871 0.840
82000 0.877 0.843
83000 0.869 0.849
84000 0.877 0.843
85000 0.877 0.847
86000 0.876 0.849
87000 0.875 0.843
88000 0.868 0.846
89000 0.873 0.849
90000 0.875 0.845
91000 0.873 0.842
92000 0.879 0.843
93000 0.870 0.849
94000 0.879 0.846
95000 0.878 0.847
96000 0.877 0.849
97000 0.875 0.842
98000 0.869 0.847
99000 0.873 0.848
