1000 0.409 0.697
2000 0.631 0.764
3000 0.631 0.747
4000 0.668 0.750
5000 0.742 0.796
6000 0.755 0.793
7000 0.773 0.804
8000 0.787 0.795
9000 0.782 0.810
10000 0.806 0.813
11000 0.818 0.807
12000 0.807 0.796
13000 0.800 0.800
14000 0.826 0.802
15000 0.823 0.809
16000 0.824 0.817
17000 0.834 0.823
18000 0.829 0.819
19000 0.828 0.821
20000 0.804 0.820
21000 0.836 0.823
22000 0.838 0.804
23000 0.824 0.828
24000 0.843 0.823
25000 0.845 0.832
26000 0.840 0.828
27000 0.839 0.820
28000 0.845 0.830
29000 0.847 0.834
30000 0.821 0.835
31000 0.836 0.822
32000 0.841 0.831
33000 0.841 0.829
34000 0.847 0.827
35000 0.846 0.830
36000 0.844 0.830
37000 0.843 0.830
38000 0.847 0.825
39000 0.845 0.831
40000 0.838 0.834
41000 0.843 0.830
42000 0.843 0.834
43000 0.828 0.814
44000 0.850 0.841
45000 0.856 0.841
46000 0.848 0.842
47000 0.846 0.829
48000 0.850 0.833
49000 0.845 0.841
50000 0.837 0.835
51000 0.843 0.829
52000 0.845 0.834
53000 0.848 0.830
54000 0.854 0.841
55000 0.852 0.836
56000 0.855 0.840
57000 0.855 0.840
58000 0.858 0.838
59000 0.849 0.837
60000 0.848 0.841
61000 0.846 0.836
62000 0.847 0.834
63000 0.853 0.837
64000 0.857 0.841
65000 0.857 0.839
66000 0.853 0.839
67000 0.853 0.838
68000 0.857 0.841
69000 0.859 0.844
70000 0.848 0.838
71000 0.854 0.841
72000 0.857 0.835
73000 0.856 0.840
74000 0.857 0.842
75000 0.857 0.838
76000 0.859 0.840
77000 0.851 0.840
78000 0.852 0.844
79000 0.857 0.838
80000 0.840 0.831
81000 0.848 0.832
82000 0.858 0.840
83000 0.852 0.838
84000 0.861 0.840
85000 0.862 0.838
86000 0.852 0.842
87000 0.861 0.841
88000 0.852 0.841
89000 0.860 0.847
90000 0.849 0.835
91000 0.859 0.838
92000 0.860 0.845
93000 0.855 0.838
94000 0.863 0.845
95000 0.863 0.839
96000 0.851 0.843
97000 0.859 0.834
98000 0.856 0.848
99000 0.854 0.841
