1000 0.011 0.204
2000 0.025 0.202
3000 0.009 0.166
4000 0.012 0.063
5000 0.010 0.339
6000 0.270 0.744
7000 0.674 0.778
8000 0.723 0.797
9000 0.770 0.808
10000 0.773 0.797
11000 0.800 0.799
12000 0.802 0.810
13000 0.809 0.801
14000 0.824 0.811
15000 0.830 0.821
16000 0.840 0.820
17000 0.839 0.814
18000 0.838 0.820
19000 0.840 0.825
20000 0.842 0.821
21000 0.849 0.821
22000 0.846 0.822
23000 0.847 0.828
24000 0.858 0.828
25000 0.861 0.836
26000 0.859 0.834
27000 0.844 0.828
28000 0.853 0.825
29000 0.857 0.836
30000 0.853 0.830
31000 0.845 0.826
32000 0.857 0.833
33000 0.851 0.837
34000 0.863 0.836
35000 0.865 0.842
36000 0.860 0.843
37000 0.857 0.835
38000 0.860 0.828
39000 0.862 0.839
40000 0.859 0.838
41000 0.854 0.835
42000 0.862 0.838
43000 0.847 0.834
44000 0.865 0.844
45000 0.869 0.845
46000 0.866 0.845
47000 0.860 0.834
48000 0.863 0.834
49000 0.864 0.844
50000 0.868 0.842
51000 0.859 0.840
52000 0.867 0.846
53000 0.855 0.842
54000 0.870 0.844
55000 0.873 0.845
56000 0.869 0.846
57000 0.864 0.840
58000 0.864 0.835
59000 0.864 0.841
60000 0.863 0.842
61000 0.862 0.838
62000 0.869 0.844
63000 0.861 0.848
64000 0.869 0.846
65000 0.874 0.849
66000 0.868 0.848
67000 0.865 0.844
68000 0.870 0.843
69000 0.869 0.847
70000 0.864 0.844
71000 0.866 0.838
72000 0.870 0.844
73000 0.859 0.846
74000 0.873 0.847
75000 0.874 0.846
76000 0.869 0.850
77000 0.864 0.846
78000 0.872 0.847
79000 0.868 0.849
80000 0.859 0.846
81000 0.867 0.844
82000 0.871 0.843
83000 0.861 0.847
84000 0.872 0.850
85000 0.874 0.849
86000 0.869 0.849
87000 0.865 0.844
88000 0.871 0.847
89000 0.865 0.847
90000 0.868 0.848
91000 0.868 0.843
92000 0.875 0.846
93000 0.865 0.850
94000 0.871 0.851
95000 0.874 0.851
96000 0.874 0.848
97000 0.867 0.846
98000 0.873 0.847
99000 0.865 0.849
